
[38;2;255;255;255m                                                              [38;2;232;234;234m  [38;2;199;200;200m  [38;2;196;196;196m      [38;2;201;201;201m  [38;2;255;255;255m                        
[38;2;255;255;255m                                                          [38;2;193;199;199m  [38;2;174;182;182m  [38;2;128;139;139m  [38;2;48;58;58m██[38;2;37;44;44m██████[38;2;46;53;53m  [38;2;156;163;163m    [38;2;232;234;234m  [38;2;255;255;255m                  
[38;2;255;255;255m                                                      [38;2;218;221;221m  [38;2;134;145;145m  [38;2;131;138;138m  [38;2;97;113;113m██[38;2;85;101;101m██[38;2;83;99;99m██[38;2;80;96;96m██[38;2;59;70;70m██[38;2;25;30;30m██[38;2;24;29;29m██[38;2;12;17;17m████[38;2;84;94;94m  [38;2;255;255;255m                  
[38;2;255;255;255m              [38;2;214;217;217m  [38;2;106;120;120m  [38;2;121;134;134m  [38;2;238;240;240m  [38;2;255;255;255m                            [38;2;241;243;243m  [38;2;143;154;154m  [38;2;118;127;127m  [38;2;144;147;147m██[38;2;117;130;130m██[38;2;80;96;96m██[38;2;71;86;86m██[38;2;74;87;87m  [38;2;48;50;50m  [38;2;118;119;119m  [38;2;235;235;235m        [38;2;238;239;239m  [38;2;255;255;255m                  
[38;2;255;255;255m                [38;2;197;202;202m  [38;2;130;137;137m  [38;2;144;153;153m  [38;2;225;229;229m  [38;2;255;255;255m                        [38;2;234;236;236m  [38;2;156;164;164m  [38;2;149;151;151m██[38;2;148;150;150m██[38;2;117;128;128m██[38;2;73;89;89m██[38;2;66;76;76m  [38;2;111;117;117m  [38;2;207;207;207m  [38;2;255;255;255m                                
[38;2;255;255;255m                  [38;2;120;133;133m  [38;2;149;151;151m██[38;2;151;159;159m  [38;2;228;231;231m  [38;2;255;255;255m                    [38;2;241;243;243m  [38;2;156;164;164m  [38;2;147;149;149m██[38;2;153;153;153m██[38;2;134;139;139m██[38;2;59;70;70m██[38;2;140;146;146m  [38;2;180;180;180m  [38;2;255;255;255m                                    
[38;2;255;255;255m                  [38;2;234;236;236m  [38;2;105;116;116m██[38;2;150;151;151m██[38;2;121;131;131m  [38;2;244;245;245m  [38;2;255;255;255m                [38;2;246;247;247m  [38;2;147;157;157m  [38;2;149;151;151m██[38;2;153;153;153m██[38;2;147;149;149m██[38;2;86;95;95m  [38;2;131;132;132m  [38;2;246;246;246m  [38;2;255;255;255m                                      
[38;2;255;255;255m                    [38;2;94;107;107m██[38;2;146;149;149m██[38;2;133;141;141m██[38;2;204;208;208m  [38;2;255;255;255m                [38;2;141;152;152m  [38;2;148;149;149m██[38;2;153;153;153m██[38;2;145;148;148m██[38;2;87;97;97m  [38;2;133;133;133m  [38;2;255;255;255m                                          
[38;2;255;255;255m                    [38;2;156;165;165m  [38;2;111;124;124m██[38;2;146;149;149m██[38;2;126;138;138m  [38;2;255;255;255m              [38;2;212;215;215m  [38;2;142;150;150m  [38;2;152;152;152m██[38;2;153;153;153m██[38;2;104;114;114m██[38;2;137;139;139m  [38;2;255;255;255m      [38;2;241;241;244m  [38;2;197;197;204m  [38;2;215;215;221m  [38;2;221;221;230m  [38;2;213;213;218m  [38;2;176;181;181m  [38;2;151;159;159m  [38;2;255;255;255m                        
[38;2;255;255;255m                    [38;2;208;211;211m  [38;2;78;94;94m██[38;2;119;132;132m██[38;2;114;129;129m  [38;2;172;180;180m  [38;2;255;255;255m            [38;2;174;182;182m  [38;2;131;135;135m██[38;2;153;153;153m██[38;2;141;146;146m██[38;2;52;59;59m██[38;2;217;218;218m  [38;2;255;255;255m    [38;2;189;189;204m  [38;2;211;211;221m  [38;2;225;225;228m██[38;2;232;232;235m██[38;2;231;231;237m██[38;2;200;200;214m██[38;2;173;175;187m██[38;2;156;160;171m  [38;2;111;123;123m  [38;2;179;184;184m  [38;2;255;255;255m                    
[38;2;255;255;255m                    [38;2;205;209;209m  [38;2;73;89;89m██[38;2;112;128;128m██[38;2;107;123;123m██[38;2;128;139;139m  [38;2;236;237;237m  [38;2;255;255;255m        [38;2;246;247;247m  [38;2;172;179;179m  [38;2;143;147;147m██[38;2;152;152;152m██[38;2;100;107;107m██[38;2;169;173;173m  [38;2;255;255;255m  [38;2;247;247;249m  [38;2;196;196;209m  [38;2;230;230;234m██[38;2;248;248;248m██████████[38;2;233;233;240m██[38;2;201;201;217m██[38;2;192;192;208m██[38;2;129;136;145m██[38;2;175;181;182m  [38;2;255;255;255m                  
[38;2;255;255;255m                    [38;2;205;209;209m  [38;2;73;89;89m██[38;2;112;128;128m██[38;2;96;112;112m██[38;2;65;81;81m██[38;2;172;178;178m  [38;2;255;255;255m        [38;2;215;218;218m  [38;2;114;122;122m██[38;2;153;153;153m██[38;2;147;149;149m██[38;2;69;79;79m██[38;2;157;157;157m  [38;2;251;251;252m  [38;2;200;200;212m  [38;2;222;222;228m██[38;2;248;248;248m██[38;2;210;212;218m██[38;2;194;198;202m██[38;2;240;240;242m██[38;2;248;248;248m██████[38;2;231;231;239m██[38;2;200;200;216m██[38;2;192;192;208m██[38;2;129;136;145m██[38;2;164;164;164m  [38;2;255;255;255m                
[38;2;255;255;255m                    [38;2;205;209;209m  [38;2;73;89;89m██[38;2;112;128;128m██[38;2;82;98;98m██[38;2;65;81;81m██[38;2;172;178;178m  [38;2;255;255;255m        [38;2;215;218;218m  [38;2;114;122;122m██[38;2;153;153;153m██[38;2;125;136;136m██[38;2;90;104;104m██[38;2;70;74;74m  [38;2;107;116;117m  [38;2;199;199;212m██[38;2;248;248;248m████[38;2;150;154;158m██[38;2;108;122;124m██[38;2;207;210;212m██[38;2;248;248;248m██████[38;2;247;247;248m██[38;2;229;229;237m██[38;2;200;200;216m██[38;2;192;192;208m██[38;2;120;120;129m  [38;2;160;160;160m  [38;2;255;255;255m              
[38;2;255;255;255m                    [38;2;182;188;188m  [38;2;79;95;95m██[38;2;92;108;108m██[38;2;80;96;96m██[38;2;90;106;106m██[38;2;57;64;64m  [38;2;220;220;220m  [38;2;255;255;255m      [38;2;206;210;210m  [38;2;74;90;90m██[38;2;110;125;125m██[38;2;101;116;116m██[38;2;89;104;104m██[38;2;76;91;91m██[38;2;134;138;155m██[38;2;242;242;244m██[38;2;248;248;248m██[38;2;195;197;206m██[38;2;113;128;128m██[38;2;95;111;111m██[38;2;196;201;201m██[38;2;248;248;248m████████[38;2;247;247;248m██[38;2;219;219;228m██[38;2;193;193;209m██[38;2;169;172;184m██[38;2;149;155;157m  [38;2;243;243;243m  [38;2;255;255;255m            
[38;2;255;255;255m                    [38;2;57;73;73m██[38;2;112;128;128m██[38;2;90;106;106m██[38;2;80;96;96m██[38;2;88;104;104m██[38;2;63;79;79m██[38;2;222;224;224m  [38;2;255;255;255m      [38;2;205;209;209m  [38;2;44;57;57m██[38;2;117;127;127m  [38;2;121;129;129m  [38;2;79;83;83m  [38;2;68;82;82m██[38;2;108;115;128m██[38;2;216;216;229m██[38;2;242;242;245m██[38;2;119;131;131m██[38;2;95;111;111m██[38;2;93;106;106m██[38;2;205;208;208m██[38;2;248;248;248m██████████[38;2;231;231;239m██[38;2;198;198;214m██[38;2;192;192;208m██[38;2;118;120;129m██[38;2;186;188;188m  [38;2;255;255;255m            
[38;2;255;255;255m                  [38;2;153;161;161m  [38;2;91;107;107m██[38;2;103;119;119m██[38;2;84;100;100m██[38;2;80;96;96m████[38;2;55;71;71m██[38;2;222;224;224m  [38;2;255;255;255m      [38;2;236;237;237m  [38;2;165;169;169m  [38;2;225;225;225m  [38;2;244;244;247m  [38;2;134;138;147m  [38;2;38;45;45m██[38;2;50;64;65m██[38;2;195;195;211m██[38;2;216;216;228m██[38;2;114;127;129m██[38;2;80;96;96m██[38;2;132;140;145m██[38;2;231;231;234m██[38;2;228;228;237m██[38;2;214;214;223m████[38;2;228;228;237m██[38;2;242;242;245m██[38;2;214;214;227m██[38;2;205;205;221m██[38;2;192;192;208m██[38;2;161;164;172m██[38;2;215;217;217m  [38;2;255;255;255m            
[38;2;255;255;255m                  [38;2;102;114;114m  [38;2;44;49;49m  [38;2;70;85;85m  [38;2;76;92;92m██[38;2;80;96;96m████[38;2;93;109;109m██[38;2;68;71;71m  [38;2;255;255;255m            [38;2;239;239;243m  [38;2;174;176;189m  [38;2;207;208;209m██[38;2;56;59;59m██[38;2;97;106;112m██[38;2;189;189;205m██[38;2;180;181;196m██[38;2;102;114;115m██[38;2;168;170;178m██[38;2;199;199;213m██[38;2;193;193;209m██[38;2;177;177;192m██[38;2;186;186;202m██[38;2;196;196;211m██[38;2;200;200;214m██[38;2;204;204;220m██[38;2;201;201;217m██[38;2;192;192;208m██[38;2;189;189;204m██[38;2;84;84;89m  [38;2;238;238;238m  [38;2;255;255;255m          
[38;2;255;255;255m                      [38;2;174;174;174m  [38;2;98;105;105m  [38;2;73;88;88m  [38;2;80;96;96m██[38;2;94;110;110m██[38;2;66;81;81m  [38;2;255;255;255m          [38;2;231;231;236m  [38;2;223;223;230m  [38;2;196;200;203m  [38;2;179;184;190m██[38;2;224;224;226m██[38;2;28;36;36m██[38;2;107;117;123m██[38;2;145;150;161m██[38;2;192;192;208m████[38;2;160;163;176m██[38;2;127;132;141m██[38;2;29;23;24m██[38;2;111;105;112m██[38;2;187;187;203m██[38;2;197;197;213m██[38;2;204;204;220m██[38;2;206;206;222m██[38;2;192;192;208m████[38;2;59;59;64m██[38;2;235;235;235m  [38;2;255;255;255m          
[38;2;255;255;255m                          [38;2;148;157;157m  [38;2;67;83;83m██[38;2;80;96;96m██[38;2;63;77;77m  [38;2;255;255;255m        [38;2;227;227;233m  [38;2;199;199;210m  [38;2;203;203;214m██[38;2;232;232;237m██[38;2;248;248;248m██[38;2;241;241;241m██[38;2;140;150;150m██[38;2;134;145;145m██[38;2;132;73;70m██[38;2;127;135;143m██[38;2;110;119;126m██[38;2;88;102;104m██[38;2;89;90;90m██[38;2;152;56;53m██[38;2;168;125;125m██[38;2;142;150;157m██[38;2;192;192;208m██[38;2;198;198;214m██[38;2;195;195;211m██[38;2;192;192;208m██[38;2;164;168;180m██[38;2;136;138;141m  [38;2;246;246;246m  [38;2;255;255;255m          
[38;2;255;255;255m                          [38;2;247;248;248m  [38;2;145;154;154m  [38;2;68;84;84m██[38;2;63;77;77m  [38;2;255;255;255m        [38;2;243;243;246m  [38;2;246;246;248m  [38;2;175;175;192m  [38;2;149;154;165m██[38;2;172;177;184m██[38;2;231;232;234m██[38;2;126;136;136m██[38;2;160;162;162m██[38;2;123;104;103m██[38;2;127;133;133m██[38;2;95;111;111m██[38;2;107;123;123m██[38;2;89;96;96m██[38;2;223;138;134m██[38;2;230;168;165m██[38;2;114;127;128m██[38;2;192;192;208m████████[38;2;112;114;122m██[38;2;182;183;183m  [38;2;255;255;255m            
[38;2;255;255;255m                            [38;2;176;182;182m  [38;2;57;71;71m██[38;2;100;111;116m  [38;2;219;219;223m  [38;2;228;228;228m  [38;2;255;255;255m      [38;2;237;237;241m  [38;2;178;178;195m  [38;2;217;217;226m██[38;2;228;228;233m██[38;2;234;235;236m██[38;2;112;125;125m██[38;2;121;131;131m██[38;2;151;152;152m██[38;2;159;166;175m██[38;2;112;128;128m████[38;2;107;117;117m██[38;2;149;151;151m██[38;2;124;135;135m██[38;2;104;120;120m██[38;2;114;126;130m██[38;2;192;192;208m████[38;2;186;187;202m██[38;2;117;119;125m  [38;2;195;195;195m  [38;2;255;255;255m            
[38;2;255;255;255m                          [38;2;243;244;244m  [38;2;158;166;169m  [38;2;105;108;116m██[38;2;154;154;173m██[38;2;142;142;159m██[38;2;115;115;118m  [38;2;228;228;228m  [38;2;255;255;255m    [38;2;214;214;223m  [38;2;172;179;180m  [38;2;159;166;170m██[38;2;156;159;175m██[38;2;216;216;224m██[38;2;214;216;216m██[38;2;105;118;118m██[38;2;121;131;131m██[38;2;60;69;69m██[38;2;84;96;96m██[38;2;112;128;128m██[38;2;132;140;140m██[38;2;126;136;136m██[38;2;103;119;119m██[38;2;68;84;84m██[38;2;114;126;130m██[38;2;192;192;208m████[38;2;158;160;172m██[38;2;141;146;146m  [38;2;255;255;255m              
[38;2;255;255;255m                          [38;2;153;162;162m  [38;2;210;213;214m██[38;2;231;231;236m██[38;2;211;211;225m██[38;2;192;192;208m██[38;2;160;160;174m██[38;2;168;168;183m  [38;2;119;119;119m  [38;2;255;255;255m    [38;2;187;193;193m  [38;2;125;136;136m██[38;2;218;219;222m██[38;2;232;232;237m██[38;2;248;248;248m██[38;2;214;216;216m██[38;2;90;104;104m██[38;2;60;72;72m██[38;2;93;107;107m██[38;2;112;128;128m████[38;2;103;119;119m██[38;2;50;59;59m██[38;2;122;127;136m██[38;2;120;131;136m██[38;2;200;200;216m██[38;2;192;192;208m██[38;2;129;137;141m  [38;2;213;213;213m  [38;2;255;255;255m              
[38;2;255;255;255m                        [38;2;236;238;238m  [38;2;203;205;214m  [38;2;248;248;248m████[38;2;246;246;247m██[38;2;244;244;245m████[38;2;241;241;243m██[38;2;215;215;219m  [38;2;117;117;127m  [38;2;52;52;54m  [38;2;132;141;142m  [38;2;240;241;241m██[38;2;248;248;248m██[38;2;235;235;238m██[38;2;242;242;244m██[38;2;248;248;248m██[38;2;236;237;237m██[38;2;179;183;193m██[38;2;71;85;86m██[38;2;70;84;84m██[38;2;64;76;78m██[38;2;94;95;102m██[38;2;180;180;195m██[38;2;160;161;174m██[38;2;140;149;154m██[38;2;203;203;219m██[38;2;169;169;183m██[38;2;94;95;95m  [38;2;255;255;255m                
[38;2;255;255;255m                      [38;2;210;210;210m  [38;2;148;155;155m  [38;2;240;241;241m██[38;2;248;248;248m████████████████[38;2;196;196;210m██[38;2;239;239;241m██[38;2;219;219;227m██[38;2;208;208;217m██[38;2;173;173;192m██[38;2;224;224;231m██[38;2;248;248;248m████[38;2;241;241;244m██[38;2;150;150;162m██[38;2;74;74;80m██[38;2;183;183;198m██[38;2;192;192;208m████[38;2;49;49;51m██[38;2;222;224;227m██[38;2;139;142;152m██[38;2;84;84;91m██[38;2;157;157;157m  [38;2;202;202;202m  [38;2;255;255;255m              
[38;2;255;255;255m                      [38;2;137;137;137m  [38;2;172;172;172m██[38;2;248;248;248m██████████████████[38;2;176;176;193m██[38;2;184;184;200m██[38;2;200;200;217m██[38;2;161;161;183m██[38;2;215;215;224m██[38;2;248;248;248m██████[38;2;245;245;247m██[38;2;222;222;233m██[38;2;197;197;213m██[38;2;192;192;208m██████[38;2;128;128;138m██[38;2;112;114;117m██[38;2;132;135;145m██[38;2;152;152;171m██[38;2;118;118;128m██[38;2;109;109;114m  [38;2;207;207;207m  [38;2;255;255;255m            
[38;2;255;255;255m                      [38;2;146;146;146m  [38;2;169;170;170m  [38;2;247;247;247m██[38;2;248;248;248m████████████████[38;2;237;237;239m██[38;2;228;228;234m██[38;2;218;218;233m██[38;2;169;169;189m██[38;2;231;231;235m██[38;2;248;248;248m████████[38;2;246;246;247m██[38;2;209;209;221m██[38;2;195;195;211m██[38;2;204;204;220m██[38;2;192;192;208m██[38;2;190;190;206m██[38;2;172;172;186m██[38;2;192;192;208m██[38;2;186;186;203m██[38;2;129;129;147m██[38;2;121;121;124m  [38;2;243;243;243m  [38;2;255;255;255m            
[38;2;255;255;255m                        [38;2;117;124;124m  [38;2;233;234;234m██[38;2;248;248;248m██████████████████[38;2;229;229;239m██[38;2;230;230;239m██[38;2;132;142;148m██[38;2;222;225;225m██[38;2;248;248;248m██████████[38;2;226;226;237m██[38;2;203;203;219m██[38;2;207;207;223m██[38;2;192;192;208m████[38;2;184;186;200m██[38;2;181;183;197m██[38;2;192;192;208m██[38;2;165;169;183m██[38;2;187;187;202m  [38;2;244;244;247m  [38;2;255;255;255m            
[38;2;255;255;255m                        [38;2;78;78;78m  [38;2;206;206;212m██[38;2;248;248;248m████████████████[38;2;227;227;233m██[38;2;230;230;239m██[38;2;227;227;237m██[38;2;177;182;193m██[38;2;190;191;203m██[38;2;248;248;248m██████████[38;2;226;226;237m██[38;2;227;227;237m██[38;2;199;199;215m██[38;2;192;192;208m████[38;2;149;151;162m██[38;2;127;131;139m██[38;2;159;165;175m██[38;2;154;161;170m██[38;2;174;179;188m  [38;2;239;239;243m  [38;2;255;255;255m            
[38;2;255;255;255m                        [38;2;214;214;214m  [38;2;201;201;213m  [38;2;248;248;248m████████[38;2;145;145;145m██[38;2;105;114;114m██[38;2;205;205;217m██[38;2;213;213;226m██[38;2;176;176;195m██[38;2;231;231;238m██[38;2;221;221;234m██[38;2;216;216;232m██[38;2;125;135;141m██[38;2;248;248;248m██████████[38;2;243;243;245m██[38;2;239;239;242m██[38;2;192;192;208m████[38;2;181;181;196m██[38;2;91;91;94m  [38;2;114;114;116m  [38;2;181;184;185m  [38;2;74;75;81m██[38;2;121;123;129m  [38;2;195;195;195m  [38;2;255;255;255m            
[38;2;255;255;255m                [38;2;223;223;223m  [38;2;203;206;206m  [38;2;255;255;255m    [38;2;78;78;78m  [38;2;229;229;229m██[38;2;248;248;248m████[38;2;244;244;244m██[38;2;150;150;150m  [38;2;164;164;164m  [38;2;255;255;255m  [38;2;41;44;47m██[38;2;168;168;182m██[38;2;114;126;130m██[38;2;206;207;222m██[38;2;216;216;232m████[38;2;122;132;139m██[38;2;221;224;224m██[38;2;248;248;248m██████████[38;2;211;211;225m██[38;2;192;192;208m████[38;2;177;177;192m██[38;2;78;78;78m  [38;2;255;255;255m    [38;2;210;210;210m  [38;2;59;59;59m  [38;2;195;195;195m  [38;2;255;255;255m            
[38;2;255;255;255m                [38;2;118;118;118m  [38;2;45;57;57m██[38;2;179;184;184m  [38;2;201;201;201m  [38;2;104;104;109m  [38;2;236;236;236m██[38;2;248;248;248m████[38;2;201;201;210m  [38;2;160;160;160m  [38;2;255;255;255m    [38;2;43;57;57m██[38;2;76;80;84m██[38;2;62;68;70m██[38;2;203;203;218m██[38;2;216;216;232m████[38;2;127;134;147m██[38;2;132;143;143m██[38;2;248;248;248m██████████[38;2;196;196;211m██[38;2;192;192;208m██[38;2;178;178;197m██[38;2;183;183;198m  [38;2;160;160;160m  [38;2;255;255;255m                      
[38;2;255;255;255m                [38;2;213;213;213m  [38;2;102;115;115m  [38;2;28;31;31m  [38;2;88;88;96m  [38;2;164;164;180m██[38;2;227;227;236m██[38;2;248;248;248m████[38;2;92;92;98m  [38;2;255;255;255m      [38;2;57;73;73m██[38;2;96;110;110m██[38;2;24;27;27m██[38;2;199;199;214m██[38;2;216;216;232m██[38;2;158;165;174m██[38;2;180;186;187m  [38;2;132;143;143m██[38;2;248;248;248m████████[38;2;233;233;240m██[38;2;195;195;210m██[38;2;171;175;187m██[38;2;128;139;145m██[38;2;186;188;201m  [38;2;255;255;255m                        
[38;2;255;255;255m                [38;2;234;234;234m  [38;2;77;78;80m  [38;2;176;176;191m██[38;2;158;158;178m██[38;2;147;147;170m██[38;2;185;186;203m██[38;2;193;194;207m██[38;2;107;107;112m  [38;2;210;210;210m  [38;2;255;255;255m      [38;2;78;92;92m  [38;2;95;108;108m██[38;2;38;44;44m██[38;2;200;201;215m██[38;2;216;216;232m██[38;2;94;97;103m██[38;2;218;218;218m  [38;2;173;174;174m  [38;2;142;142;142m██[38;2;248;248;248m████[38;2;246;246;247m██[38;2;209;209;221m██[38;2;190;191;206m██[38;2;129;131;139m  [38;2;101;110;110m  [38;2;178;182;193m  [38;2;255;255;255m                        
[38;2;255;255;255m                [38;2;118;118;118m  [38;2;148;148;160m██[38;2;181;181;199m██[38;2;144;144;168m██[38;2;106;106;123m██[38;2;173;175;187m  [38;2;128;134;134m  [38;2;195;195;195m  [38;2;255;255;255m        [38;2;140;146;146m  [38;2;31;37;37m██[38;2;65;78;78m██[38;2;207;209;222m██[38;2;228;228;238m██[38;2;169;175;183m██[38;2;161;162;163m  [38;2;207;207;207m  [38;2;127;127;127m  [38;2;226;226;226m██[38;2;245;245;247m██[38;2;222;222;233m██[38;2;197;197;213m██[38;2;173;175;188m██[38;2;140;147;147m  [38;2;255;255;255m  [38;2;187;195;195m  [38;2;255;255;255m                        
[38;2;255;255;255m                [38;2;118;118;118m  [38;2;148;148;160m██[38;2;158;158;180m██[38;2;144;144;168m██[38;2;44;44;52m██[38;2;235;235;235m  [38;2;255;255;255m            [38;2;140;146;146m  [38;2;53;64;64m██[38;2;138;147;154m██[38;2;232;233;238m██[38;2;248;248;248m██[38;2;240;240;244m██[38;2;124;124;136m  [38;2;255;255;255m  [38;2;118;118;118m  [38;2;176;176;183m██[38;2;222;222;233m██[38;2;197;197;213m██[38;2;192;192;208m██[38;2;96;96;102m  [38;2;195;195;195m  [38;2;255;255;255m                            
[38;2;255;255;255m                [38;2;118;118;118m  [38;2;145;145;158m██[38;2;144;144;168m████[38;2;129;129;150m██[38;2;79;80;81m  [38;2;245;246;246m  [38;2;255;255;255m          [38;2;246;246;246m  [38;2;131;132;132m  [38;2;148;149;159m  [38;2;244;244;245m██[38;2;248;248;248m████[38;2;221;221;224m  [38;2;52;52;52m  [38;2;106;106;113m  [38;2;188;188;203m██[38;2;182;183;199m██[38;2;165;165;184m██[38;2;83;83;90m██[38;2;94;105;105m  [38;2;255;255;255m                              
[38;2;255;255;255m                [38;2;118;118;118m  [38;2;86;90;103m██[38;2;144;144;168m██[38;2;129;132;152m██[38;2;112;117;134m██[38;2;72;83;90m██[38;2;105;117;117m  [38;2;230;231;231m  [38;2;255;255;255m            [38;2;133;133;133m  [38;2;210;210;216m  [38;2;248;248;248m██████[38;2;195;195;195m██[38;2;120;123;129m██[38;2;139;140;151m██[38;2;130;143;146m██[38;2;103;103;112m██[38;2;100;100;116m██[38;2;112;124;126m  [38;2;255;255;255m                              
[38;2;255;255;255m                [38;2;118;118;118m  [38;2;61;73;73m██[38;2;83;90;101m██[38;2;64;72;78m██[38;2;73;89;89m██[38;2;63;65;74m██[38;2;30;37;37m██[38;2;164;167;167m  [38;2;255;255;255m              [38;2;142;149;157m  [38;2;248;248;248m████████[38;2;206;210;210m██[38;2;142;144;144m██[38;2;93;106;107m██[38;2;84;84;93m██[38;2;124;124;144m██[38;2;124;131;143m  [38;2;197;202;202m  [38;2;255;255;255m                            
[38;2;255;255;255m                [38;2;118;118;118m  [38;2;67;80;80m██[38;2;14;20;20m██[38;2;53;68;68m██[38;2;85;101;101m██[38;2;61;71;71m  [38;2;196;196;196m  [38;2;232;232;232m  [38;2;255;255;255m              [38;2;72;75;75m  [38;2;248;248;248m████████████[38;2;205;208;208m██[38;2;118;118;121m██[38;2;55;63;69m██[38;2;66;79;84m██[38;2;147;157;157m  [38;2;255;255;255m                            
[38;2;255;255;255m                [38;2;149;149;149m  [38;2;59;59;59m  [38;2;210;210;210m  [38;2;59;59;59m  [38;2;67;78;78m  [38;2;114;124;124m  [38;2;255;255;255m                  [38;2;236;236;239m  [38;2;175;177;189m██[38;2;248;248;248m████████[38;2;211;214;214m██[38;2;202;205;209m██[38;2;202;202;218m██[38;2;80;89;94m██[38;2;56;69;69m██[38;2;107;118;118m  [38;2;239;241;241m  [38;2;255;255;255m                          
[38;2;255;255;255m                        [38;2;175;181;181m  [38;2;246;247;247m  [38;2;255;255;255m                  [38;2;222;224;224m  [38;2;116;122;124m██[38;2;183;188;191m██[38;2;158;165;166m██[38;2;233;233;241m██[38;2;189;193;197m██[38;2;91;105;105m██[38;2;84;98;100m██[38;2;113;117;126m██[38;2;78;78;88m██[38;2;70;71;82m██[38;2;85;96;103m██[38;2;188;194;194m  [38;2;255;255;255m                          
[38;2;255;255;255m                                              [38;2;216;216;216m  [38;2;36;40;42m██[38;2;92;106;108m██[38;2;73;89;89m██[38;2;127;134;143m██[38;2;114;122;130m██[38;2;95;111;111m██[38;2;124;131;131m██[38;2;82;91;99m██[38;2;130;130;152m██[38;2;144;144;168m██[38;2;119;126;140m██[38;2;188;194;194m  [38;2;255;255;255m                          
[38;2;255;255;255m                                              [38;2;216;216;216m  [38;2;43;49;49m██[38;2;109;124;124m██[38;2;71;85;85m██[38;2;73;83;87m██[38;2;98;98;105m  [38;2;70;81;81m  [38;2;72;85;85m██[38;2;59;73;74m██[38;2;114;119;136m██[38;2;145;145;169m██[38;2;149;150;172m██[38;2;124;132;142m  [38;2;120;131;134m  [38;2;236;238;238m  [38;2;255;255;255m                      
[38;2;255;255;255m                                              [38;2;216;216;216m  [38;2;48;50;50m██[38;2;78;87;87m██[38;2;91;92;92m  [38;2;98;98;98m  [38;2;183;183;183m  [38;2;255;255;255m  [38;2;13;13;15m██[38;2;67;71;81m██[38;2;137;140;157m██[38;2;167;167;187m██[38;2;192;192;208m████[38;2;187;187;203m██[38;2;143;152;156m  [38;2;224;227;227m  [38;2;255;255;255m                    
[38;2;255;255;255m                                              [38;2;240;240;240m  [38;2;108;111;111m    [38;2;240;240;240m  [38;2;255;255;255m      [38;2;18;21;23m██[38;2;123;128;142m██[38;2;186;186;203m██[38;2;192;192;208m██[38;2;156;160;172m██[38;2;98;108;114m██[38;2;178;179;194m██[38;2;150;155;166m██[38;2;92;104;104m  [38;2;224;227;227m  [38;2;255;255;255m                  
[38;2;255;255;255m                                                [38;2;240;240;240m    [38;2;255;255;255m      [38;2;89;89;89m  [38;2;96;110;110m██[38;2;82;97;98m██[38;2;150;154;166m██[38;2;169;171;186m██[38;2;77;91;93m██[38;2;100;116;116m██[38;2;127;139;142m██[38;2;127;128;139m██[38;2;39;48;48m██[38;2;72;86;86m  [38;2;255;255;255m                  
[38;2;255;255;255m                                                          [38;2;59;59;59m  [38;2;91;106;106m██[38;2;43;54;54m██[38;2;78;81;92m██[38;2;89;90;104m██[38;2;38;49;49m██[38;2;84;98;98m██[38;2;119;127;127m██[38;2;52;63;63m  [38;2;78;78;78m  [38;2;100;108;108m  [38;2;255;255;255m                  
[38;2;255;255;255m                                                          [38;2;59;59;59m  [38;2;60;66;66m  [38;2;137;137;137m        [38;2;160;165;165m  [38;2;57;64;64m  [38;2;91;96;96m  [38;2;255;255;255m                      [0m
