
[38;2;255;255;255m                                              [38;2;249;247;248m  [38;2;229;224;228m  [38;2;255;255;255m                                                
[38;2;255;255;255m                                            [38;2;220;209;212m  [38;2;196;172;174m  [38;2;160;107;108m  [38;2;223;217;221m  [38;2;255;255;255m                                              
[38;2;255;255;255m                                        [38;2;251;247;241m  [38;2;229;212;190m  [38;2;209;185;163m  [38;2;195;152;133m██[38;2;180;89;74m██[38;2;107;81;100m  [38;2;100;96;99m  [38;2;255;255;255m                                            
[38;2;255;255;255m                          [38;2;210;132;106m  [38;2;157;128;137m  [38;2;244;242;244m  [38;2;255;255;255m    [38;2;246;243;244m  [38;2;183;160;160m  [38;2;220;197;158m  [38;2;239;215;159m██[38;2;228;204;166m██[38;2;231;121;87m██[38;2;186;115;94m██[38;2;220;195;160m██[38;2;207;184;151m  [38;2;94;74;79m  [38;2;149;144;141m  [38;2;218;217;218m  [38;2;255;255;255m                                      
[38;2;255;255;255m                          [38;2;244;229;227m  [38;2;165;82;72m██[38;2;167;133;139m  [38;2;244;242;244m  [38;2;242;238;239m  [38;2;194;172;168m  [38;2;224;199;156m██[38;2;248;224;152m██[38;2;241;217;159m██[38;2;223;171;138m██[38;2;219;110;81m██[38;2;134;105;104m██[38;2;232;208;168m████[38;2;235;211;165m██[38;2;187;160;126m██[38;2;106;92;68m██[38;2;178;169;176m  [38;2;202;202;202m  [38;2;255;255;255m                                  
[38;2;255;255;255m                          [38;2;244;242;244m  [38;2;167;133;139m  [38;2;165;82;72m██[38;2;157;128;137m  [38;2;231;223;220m  [38;2;213;187;150m██[38;2;247;223;153m██[38;2;246;222;154m██[38;2;226;202;160m██[38;2;237;141;104m██[38;2;202;97;72m██[38;2;194;168;143m██[38;2;171;144;129m██[38;2;141;113;109m██[38;2;232;208;168m██[38;2;235;211;165m██[38;2;246;222;154m██[38;2;174;150;112m██[38;2;148;131;114m  [38;2;112;106;110m  [38;2;243;243;243m  [38;2;255;255;255m                              
[38;2;255;255;255m                            [38;2;244;242;244m  [38;2;157;128;137m  [38;2;194;98;77m  [38;2;143;112;112m  [38;2;225;201;162m██[38;2;244;220;156m██[38;2;242;218;156m██[38;2;233;169;132m██[38;2;242;120;82m██[38;2;116;68;75m██[38;2;157;129;118m██[38;2;139;63;61m██[38;2;167;78;66m██[38;2;232;208;168m████[38;2;234;210;166m██[38;2;237;213;163m██[38;2;234;210;147m██[38;2;213;191;132m██[38;2;113;90;95m  [38;2;129;126;124m  [38;2;238;237;237m  [38;2;252;252;252m  [38;2;255;255;255m                        
[38;2;255;255;255m                                [38;2;188;107;84m  [38;2;185;84;51m██[38;2;152;111;100m██[38;2;213;188;157m██[38;2;215;184;154m██[38;2;214;126;99m██[38;2;173;74;58m██[38;2;61;36;43m██[38;2;115;64;38m██[38;2;184;70;48m██[38;2;194;133;110m██[38;2;217;174;141m██[38;2;227;203;166m██[38;2;232;208;168m██████[38;2;240;216;160m██[38;2;244;220;156m██[38;2;201;175;129m██[38;2;95;80;64m██[38;2;178;169;172m  [38;2;201;201;201m  [38;2;255;255;255m                      
[38;2;255;255;255m                                [38;2;181;164;172m  [38;2;162;75;54m██[38;2;189;89;61m██[38;2;139;98;97m██[38;2;188;137;122m██[38;2;197;95;69m██[38;2;66;33;38m██[38;2;41;33;18m██[38;2;220;153;82m██[38;2;201;84;48m██[38;2;200;87;52m██[38;2;198;146;121m██[38;2;207;183;158m██[38;2;224;200;165m██[38;2;232;208;168m██████[38;2;233;209;167m██[38;2;239;215;161m██[38;2;245;221;155m██[38;2;177;151;115m██[38;2;141;126;103m  [38;2;136;128;134m  [38;2;223;223;223m  [38;2;255;255;255m                  
[38;2;255;255;255m                                [38;2;252;251;252m  [38;2;204;164;161m  [38;2;219;98;65m██[38;2;174;73;58m██[38;2;224;114;81m██[38;2;128;59;37m██[38;2;137;114;60m██[38;2;197;163;82m██[38;2;221;143;75m██[38;2;212;93;48m██[38;2;207;151;118m██[38;2;227;203;165m██[38;2;224;200;165m██[38;2;191;167;153m██[38;2;213;189;159m██[38;2;232;208;168m████████[38;2;234;210;166m██[38;2;236;212;164m██[38;2;223;199;158m██[38;2;186;164;136m██[38;2;129;106;113m  [38;2;104;104;104m  [38;2;255;255;255m                
[38;2;255;255;255m                                  [38;2;212;204;210m  [38;2;177;99;89m  [38;2;244;133;83m██[38;2;238;113;73m██[38;2;193;77;48m██[38;2;182;69;48m██[38;2;190;75;48m██[38;2;225;103;57m██[38;2;235;110;73m██[38;2;186;79;60m██[38;2;210;186;157m██[38;2;232;208;168m████[38;2;146;120;126m██[38;2;182;157;143m██[38;2;230;206;167m██[38;2;232;208;168m██████████████[38;2;204;178;150m██[38;2;85;66;64m██[38;2;153;152;147m  [38;2;250;250;250m  [38;2;255;255;255m          
[38;2;255;255;255m                                    [38;2;187;146;148m  [38;2;220;141;84m██[38;2;231;107;73m██[38;2;176;64;48m██[38;2;158;68;53m██[38;2;160;74;54m██[38;2;190;86;51m██[38;2;173;98;80m██[38;2;188;120;100m██[38;2;210;186;157m██[38;2;232;208;168m██[38;2;175;148;131m██[38;2;138;66;57m██[38;2;140;88;82m██[38;2;153;125;117m██[38;2;226;202;164m██[38;2;232;208;168m██████████████[38;2;236;212;164m██[38;2;148;133;103m██[38;2;161;148;155m  [38;2;183;183;183m  [38;2;255;255;255m        
[38;2;255;255;255m                                    [38;2;225;219;223m  [38;2;105;72;64m  [38;2;186;84;48m██[38;2;54;20;15m██[38;2;116;45;41m██[38;2;140;57;54m██[38;2;133;87;84m██[38;2;185;160;142m██[38;2;200;176;152m██[38;2;210;186;157m██[38;2;211;154;123m██[38;2;177;86;60m██[38;2;238;113;70m██[38;2;218;105;72m██[38;2;179;84;60m██[38;2;139;105;105m██[38;2;218;194;171m██[38;2;232;208;168m████████████████[38;2;183;158;135m██[38;2;148;129;119m  [38;2;98;89;96m  [38;2;228;228;228m  [38;2;255;255;255m    
[38;2;255;255;255m                                      [38;2;218;214;217m  [38;2;70;41;36m██[38;2;158;129;126m██[38;2;122;89;96m██[38;2;144;107;113m██[38;2;172;144;135m██[38;2;205;181;154m██[38;2;207;183;155m██[38;2;217;172;139m██[38;2;182;79;61m██[38;2;207;89;48m██[38;2;243;116;75m██[38;2;232;108;64m██[38;2;217;97;49m██[38;2;190;87;52m██[38;2;105;60;70m██[38;2;127;90;98m██[38;2;199;173;148m██[38;2;232;208;168m██████[38;2;221;197;164m██[38;2;183;159;150m██[38;2;207;183;157m██[38;2;223;199;165m██[38;2;227;203;165m██[38;2;216;193;157m██[38;2;92;86;75m  [38;2;228;228;228m  [38;2;255;255;255m  
[38;2;255;255;255m                                  [38;2;233;230;232m  [38;2;185;172;182m  [38;2;129;78;86m  [38;2;176;64;48m██[38;2;177;104;90m██[38;2;216;191;159m██[38;2;181;153;141m██[38;2;232;208;168m████████[38;2;207;154;125m██[38;2;197;89;57m██[38;2;204;87;48m██[38;2;216;96;48m████████[38;2;161;75;54m██[38;2;131;68;63m██[38;2;170;143;128m██[38;2;204;178;150m██[38;2;232;208;168m██████[38;2;195;167;148m██[38;2;192;167;152m██[38;2;202;176;153m██[38;2;223;199;164m██[38;2;218;195;159m██[38;2;87;78;80m  [38;2;210;210;210m  
[38;2;255;255;255m                                [38;2;246;245;246m  [38;2;140;102;112m  [38;2;136;55;54m██[38;2;167;62;49m██[38;2;176;64;48m██[38;2;170;73;61m██[38;2;211;169;140m██[38;2;223;199;163m██[38;2;232;208;168m████████[38;2;225;201;165m██[38;2;197;147;124m██[38;2;71;27;18m██[38;2;140;87;62m██[38;2;121;70;47m██[38;2;138;65;53m██[38;2;216;96;48m████[38;2;228;107;65m██[38;2;174;85;68m██[38;2;146;91;81m██[38;2;168;139;131m██[38;2;232;208;168m██████[38;2;227;202;165m██[38;2;202;176;153m██[38;2;189;162;146m██[38;2;191;166;151m██[38;2;137;118;104m██[38;2;137;137;137m  
[38;2;255;255;255m                          [38;2;252;252;252m  [38;2;242;238;237m  [38;2;165;141;149m  [38;2;115;76;89m  [38;2;165;61;50m██[38;2;176;64;48m██[38;2;166;60;45m██[38;2;149;59;52m  [38;2;96;53;69m  [38;2;197;167;126m██[38;2;230;206;167m██[38;2;191;164;158m██[38;2;183;156;153m██[38;2;221;197;165m██[38;2;232;208;168m████[38;2;228;204;166m██[38;2;171;151;144m██[38;2;183;161;139m██[38;2;179;157;136m██[38;2;124;95;99m██[38;2;97;43;22m██[38;2;226;106;63m██[38;2;235;119;84m██[38;2;186;142;127m██[38;2;215;183;150m██[38;2;120;90;97m██[38;2;154;124;125m██[38;2;170;143;138m██[38;2;211;187;159m██[38;2;226;201;165m██[38;2;229;205;167m██[38;2;224;199;163m██[38;2;216;191;160m██[38;2;107;88;88m  [38;2;146;146;146m  
[38;2;255;255;255m                        [38;2;231;225;226m  [38;2;199;184;184m  [38;2;134;62;37m██[38;2;226;103;58m██[38;2;215;95;50m██[38;2;168;65;43m██[38;2;122;44;33m██[38;2;88;71;68m  [38;2;111;109;110m  [38;2;177;158;157m  [38;2;211;185;133m██[38;2;246;222;154m██[38;2;222;197;162m██[38;2;152;117;103m██[38;2;162;124;106m██[38;2;195;169;144m██[38;2;227;203;166m██[38;2;224;200;164m██[38;2;217;193;161m██[38;2;200;176;152m██[38;2;188;162;145m██[38;2;127;111;98m██[38;2;44;34;37m██[38;2;123;64;48m██[38;2;154;114;114m██[38;2;219;195;167m██[38;2;199;175;156m██[38;2;207;183;158m██[38;2;115;86;97m██[38;2;179;153;137m██[38;2;173;145;137m██[38;2;164;135;132m██[38;2;188;163;149m██[38;2;205;178;153m██[38;2;161;144;119m  [38;2;133;133;133m  [38;2;255;255;255m  
[38;2;255;255;255m                    [38;2;241;237;238m  [38;2;209;194;190m  [38;2;202;179;162m  [38;2;191;156;139m██[38;2;199;106;87m██[38;2;233;108;73m██[38;2;123;56;31m██[38;2;111;73;58m  [38;2;137;137;137m  [38;2;228;228;228m  [38;2;194;175;174m  [38;2;214;188;153m██[38;2;239;215;161m██[38;2;238;214;162m██[38;2;198;171;150m██[38;2;193;146;100m██[38;2;219;163;87m██[38;2;164;111;83m██[38;2;165;117;105m██[38;2;188;163;143m██[38;2;200;176;152m████[38;2;108;90;85m██[38;2;121;118;118m  [38;2;66;52;55m██[38;2;73;57;61m██[38;2;133;103;111m██[38;2;142;115;124m██[38;2;193;169;159m██[38;2;192;168;164m██[38;2;106;77;92m██[38;2;99;69;83m██[38;2;179;153;137m██[38;2;200;176;152m██[38;2;149;128;115m██[38;2;66;52;55m██[38;2;135;133;134m  [38;2;255;255;255m    
[38;2;255;255;255m            [38;2;89;89;89m  [38;2;119;119;119m  [38;2;255;255;255m  [38;2;189;170;175m  [38;2;212;192;171m  [38;2;218;193;160m██[38;2;183;155;141m██[38;2;201;176;169m██[38;2;173;138;140m██[38;2;93;56;51m██[38;2;175;170;169m  [38;2;214;214;214m  [38;2;255;255;255m    [38;2;214;202;202m  [38;2;201;174;142m██[38;2;236;212;164m██[38;2;203;178;167m██[38;2;180;142;117m██[38;2;217;163;91m██[38;2;224;168;88m██[38;2;221;161;85m██[38;2;180;98;64m██[38;2;113;68;77m██[38;2;190;165;146m██[38;2;177;149;139m██[38;2;62;54;47m██[38;2;226;226;226m  [38;2;196;196;196m  [38;2;96;91;92m  [38;2;32;25;27m██[38;2;40;26;36m██[38;2;151;124;133m██[38;2;167;138;143m██[38;2;176;150;149m██[38;2;184;158;147m██[38;2;84;73;70m██[38;2;46;41;35m██[38;2;104;100;97m  [38;2;196;196;196m  [38;2;246;246;246m  [38;2;255;255;255m    
[38;2;255;255;255m        [38;2;245;242;243m  [38;2;192;170;164m  [38;2;214;189;164m██[38;2;150;132;132m██[38;2;86;70;60m██[38;2;179;154;130m██[38;2;199;172;151m██[38;2;171;143;147m██[38;2;196;171;172m██[38;2;129;105;110m██[38;2;138;122;123m  [38;2;180;180;180m  [38;2;255;255;255m        [38;2;235;230;231m  [38;2;195;170;148m  [38;2;186;161;149m  [38;2;174;148;151m  [38;2;136;78;75m██[38;2;199;113;67m██[38;2;221;162;86m██[38;2;202;119;69m██[38;2;176;64;48m████[38;2;49;47;49m  [38;2;122;115;120m  [38;2;182;179;181m  [38;2;255;255;255m          [38;2;186;169;175m  [38;2;85;53;74m██[38;2;197;173;166m██[38;2;203;178;162m██[38;2;59;52;52m██[38;2;181;181;181m  [38;2;127;124;126m  [38;2;103;82;87m██[38;2;160;132;138m  [38;2;214;214;214m  [38;2;255;255;255m  
[38;2;255;255;255m        [38;2;212;200;203m  [38;2;208;181;140m██[38;2;161;134;131m██[38;2;180;156;156m██[38;2;134;106;115m██[38;2;114;85;98m██[38;2;151;121;124m██[38;2;160;134;121m██[38;2;119;101;98m██[38;2;129;125;126m  [38;2;218;208;210m  [38;2;255;255;255m            [38;2;227;219;221m  [38;2;237;231;233m  [38;2;170;157;160m  [38;2;75;30;18m██[38;2;183;70;48m██[38;2;196;107;65m██[38;2;176;64;48m████[38;2;190;75;48m██[38;2;71;28;25m██[38;2;76;35;45m██[38;2;132;111;112m  [38;2;137;137;137m  [38;2;183;183;183m  [38;2;255;255;255m      [38;2;202;193;200m  [38;2;91;63;84m  [38;2;165;137;133m██[38;2;176;148;134m██[38;2;48;40;41m██[38;2;65;54;56m██[38;2;65;45;57m██[38;2;152;124;131m██[38;2;161;135;139m██[38;2;78;78;78m  [38;2;255;255;255m  
[38;2;255;255;255m        [38;2;242;238;239m  [38;2;163;141;138m  [38;2;86;55;71m██[38;2;151;126;112m██[38;2;156;128;132m██[38;2;154;125;130m██[38;2;183;157;156m██[38;2;183;159;149m██[38;2;56;49;46m██[38;2;235;235;235m  [38;2;255;255;255m                  [38;2;216;216;216m  [38;2;92;43;27m██[38;2;217;96;57m██[38;2;202;84;48m██[38;2;176;64;48m██[38;2;191;76;48m██[38;2;192;77;48m██[38;2;168;73;47m██[38;2;108;44;46m██[38;2;139;50;38m██[38;2;122;44;33m██[38;2;105;57;51m  [38;2;78;78;78m    [38;2;133;133;133m  [38;2;255;255;255m  [38;2;76;68;74m  [38;2;91;78;63m██[38;2;154;137;99m██[38;2;83;64;69m██[38;2;143;114;120m██[38;2;114;83;97m██[38;2;172;144;122m██[38;2;144;115;114m██[38;2;78;78;78m  [38;2;255;255;255m  
[38;2;255;255;255m      [38;2;251;250;250m  [38;2;178;164;174m  [38;2;138;112;120m  [38;2;159;135;136m██[38;2;140;120;118m██[38;2;147;124;126m██[38;2;129;102;108m██[38;2;156;135;135m██[38;2;195;171;171m██[38;2;116;89;102m██[38;2;211;209;211m  [38;2;255;255;255m                  [38;2;70;50;50m  [38;2;202;88;61m██[38;2;246;119;78m██[38;2;243;117;76m██[38;2;218;97;53m██[38;2;220;99;53m██[38;2;219;98;53m██[38;2;218;99;53m██[38;2;162;76;59m██[38;2;104;52;62m██[38;2;158;60;51m██[38;2;171;62;47m██[38;2;162;59;44m██[38;2;140;51;38m██[38;2;103;42;35m  [38;2;71;54;65m  [38;2;133;105;114m  [38;2;65;57;44m██[38;2;123;110;78m██[38;2;99;75;83m██[38;2;135;103;113m██[38;2;134;105;98m██[38;2;209;186;130m██[38;2;89;84;75m  [38;2;241;241;241m  [38;2;255;255;255m  
[38;2;255;255;255m      [38;2;180;166;176m  [38;2;144;117;126m██[38;2;167;143;135m██[38;2;111;96;95m  [38;2;98;98;98m  [38;2;122;111;119m  [38;2;108;104;107m  [38;2;112;107;104m  [38;2;159;135;122m██[38;2;165;141;137m██[38;2;52;50;50m  [38;2;255;255;255m                [38;2;206;198;204m  [38;2;160;86;80m  [38;2;248;120;80m████████████████[38;2;234;110;66m██[38;2;136;64;57m██[38;2;125;49;45m██[38;2;108;39;30m██[38;2;100;89;88m  [38;2;90;80;88m  [38;2;134;107;118m██[38;2;181;154;157m██[38;2;117;90;98m██[38;2;56;40;47m██[38;2;58;38;50m██[38;2;94;72;78m██[38;2;127;95;107m██[38;2;38;26;33m██[38;2;216;216;216m  [38;2;255;255;255m    
[38;2;255;255;255m      [38;2;106;77;96m  [38;2;200;176;176m██[38;2;111;96;89m██[38;2;149;147;146m  [38;2;255;255;255m      [38;2;123;118;105m  [38;2;208;184;127m██[38;2;109;95;78m██[38;2;165;164;164m  [38;2;255;255;255m              [38;2;203;194;201m  [38;2;155;89;80m  [38;2;241;116;78m██[38;2;231;107;72m██[38;2;219;98;60m██[38;2;245;118;77m██[38;2;248;120;80m████████████[38;2;189;85;47m██[38;2;77;70;76m  [38;2;157;157;157m  [38;2;240;240;240m  [38;2;233;230;232m  [38;2;144;123;135m  [38;2;185;158;129m██[38;2;166;143;113m██[38;2;87;81;86m  [38;2;157;157;157m  [38;2;141;139;140m  [38;2;55;43;46m██[38;2;118;113;114m  [38;2;240;240;240m  [38;2;255;255;255m    
[38;2;255;255;255m      [38;2;219;211;215m  [38;2;189;162;144m  [38;2;214;191;137m██[38;2;96;93;84m  [38;2;255;255;255m      [38;2;179;178;176m  [38;2;58;54;43m  [38;2;167;166;163m  [38;2;252;252;252m  [38;2;255;255;255m          [38;2;244;242;244m  [38;2;218;203;206m  [38;2;163;92;87m  [38;2;236;114;76m██[38;2;184;77;59m██[38;2;155;76;70m██[38;2;232;109;73m██[38;2;225;103;58m██[38;2;246;118;78m████[38;2;247;120;79m██[38;2;248;120;80m██████[38;2;235;111;71m██[38;2;135;69;43m  [38;2;166;163;161m  [38;2;252;252;252m  [38;2;255;255;255m  [38;2;240;237;239m  [38;2;97;93;85m  [38;2;94;91;83m  [38;2;234;234;234m  [38;2;255;255;255m  [38;2;249;249;249m  [38;2;216;216;216m  [38;2;240;240;240m  [38;2;255;255;255m      
[38;2;255;255;255m        [38;2;225;217;219m  [38;2;178;156;162m  [38;2;243;240;241m  [38;2;255;255;255m                      [38;2;225;219;223m  [38;2;143;93;98m  [38;2;210;90;63m██[38;2;248;120;80m██████[38;2;197;96;72m██[38;2;133;57;55m██[38;2;202;89;49m██[38;2;185;84;51m██[38;2;209;91;48m██[38;2;238;112;73m██[38;2;248;120;80m████████[38;2;239;114;71m██[38;2;87;40;22m██[38;2;216;216;216m  [38;2;255;255;255m                        
[38;2;255;255;255m                                  [38;2;242;223;221m  [38;2;188;115;105m  [38;2;229;111;78m██[38;2;248;120;80m██████[38;2;245;118;77m██[38;2;225;103;57m██[38;2;127;62;58m██[38;2;123;60;58m██[38;2;116;57;59m██[38;2;194;79;48m██[38;2;218;97;59m██[38;2;248;120;80m██████████[38;2;167;78;47m██[38;2;128;118;114m  [38;2;255;255;255m                        
[38;2;255;255;255m                                [38;2;250;244;243m  [38;2;206;108;89m  [38;2;240;114;77m██[38;2;248;120;80m████████[38;2;224;102;56m██[38;2;216;96;48m██[38;2;93;43;28m██[38;2;168;160;166m  [38;2;78;36;25m██[38;2;122;52;28m██[38;2;152;58;39m██[38;2;248;120;80m██████████[38;2;228;105;60m██[38;2;53;34;27m  [38;2;255;255;255m                        
[38;2;255;255;255m                              [38;2;229;224;228m  [38;2;138;86;91m  [38;2;248;120;80m████████[38;2;245;117;77m██[38;2;224;102;56m██[38;2;211;94;49m██[38;2;135;74;54m  [38;2;180;180;180m  [38;2;255;255;255m  [38;2;195;195;195m  [38;2;164;164;164m  [38;2;208;142;133m  [38;2;235;110;74m██[38;2;248;120;80m██████████[38;2;208;94;50m██[38;2;95;76;68m  [38;2;228;228;228m  [38;2;255;255;255m                    
[38;2;255;255;255m                            [38;2;241;221;218m  [38;2;178;112;105m  [38;2;233;113;79m██[38;2;248;120;80m██████[38;2;245;117;77m██[38;2;225;103;57m██[38;2;216;96;48m██[38;2;156;83;70m  [38;2;194;184;192m  [38;2;255;255;255m          [38;2;193;77;55m██[38;2;248;120;80m██████████[38;2;232;108;64m██[38;2;150;66;33m██[38;2;137;137;137m  [38;2;255;255;255m                    
[38;2;255;255;255m                            [38;2;197;175;180m  [38;2;193;92;72m██[38;2;248;120;80m██████[38;2;231;107;63m██[38;2;224;102;56m██[38;2;216;96;48m████[38;2;73;56;58m  [38;2;255;255;255m            [38;2;188;73;50m██[38;2;236;111;68m██[38;2;248;120;80m████████[38;2;246;118;78m██[38;2;196;87;43m██[38;2;111;73;58m  [38;2;214;214;214m  [38;2;255;255;255m                  
[38;2;255;255;255m                          [38;2;244;228;226m  [38;2;200;91;68m  [38;2;241;116;78m██[38;2;234;159;88m██[38;2;239;113;71m██[38;2;218;98;50m██[38;2;217;96;49m██[38;2;216;96;48m████[38;2;116;56;51m██[38;2;226;223;224m  [38;2;255;255;255m            [38;2;193;93;72m  [38;2;225;103;60m██[38;2;246;119;78m██[38;2;248;120;80m████[38;2;246;125;81m██[38;2;245;119;78m██[38;2;216;96;48m██[38;2;118;52;26m██[38;2;174;169;168m  [38;2;255;255;255m                  
[38;2;255;255;255m                          [38;2;237;224;224m  [38;2;167;71;52m██[38;2;230;122;70m██[38;2;246;192;99m██[38;2;232;125;72m██[38;2;216;96;48m████████[38;2;66;30;15m██[38;2;235;235;235m  [38;2;255;255;255m            [38;2;237;211;207m  [38;2;194;79;48m██[38;2;238;113;70m██[38;2;248;120;80m████[38;2;239;159;89m██[38;2;243;128;80m██[38;2;216;96;48m████[38;2;50;22;11m██[38;2;255;255;255m                  
[38;2;255;255;255m                          [38;2;227;222;226m  [38;2;127;62;58m██[38;2;221;140;73m██[38;2;242;199;100m██[38;2;222;146;76m██[38;2;216;96;48m████████[38;2;66;30;15m██[38;2;235;235;235m  [38;2;255;255;255m            [38;2;237;211;207m  [38;2;194;79;48m██[38;2;225;102;57m██[38;2;246;119;78m██[38;2;240;114;72m██[38;2;240;168;87m██[38;2;234;154;85m██[38;2;216;96;48m████[38;2;152;68;34m██[38;2;134;134;134m  [38;2;255;255;255m                
[38;2;255;255;255m                          [38;2;228;223;226m  [38;2;131;67;60m██[38;2;234;163;82m██[38;2;247;207;103m██[38;2;238;188;95m██[38;2;219;124;64m██[38;2;216;96;48m██[38;2;218;114;58m██[38;2;220;129;66m██[38;2;66;30;15m██[38;2;235;235;235m  [38;2;255;255;255m            [38;2;238;214;211m  [38;2;196;86;57m  [38;2;215;95;48m██[38;2;221;99;53m██[38;2;222;122;64m██[38;2;238;188;95m██[38;2;229;171;89m██[38;2;216;100;50m██[38;2;216;96;48m████[38;2;59;59;59m  [38;2;255;255;255m                
[38;2;255;255;255m                          [38;2;238;234;229m  [38;2;178;143;90m██[38;2;242;197;100m██[38;2;248;208;104m██[38;2;243;199;101m██[38;2;224;147;75m██[38;2;217;101;51m██[38;2;224;168;88m██[38;2;221;145;75m██[38;2;67;36;19m██[38;2;235;235;235m  [38;2;255;255;255m              [38;2;219;167;159m  [38;2;205;101;57m██[38;2;216;98;49m██[38;2;219;124;63m██[38;2;239;193;98m██[38;2;246;205;103m██[38;2;222;146;76m██[38;2;216;96;48m██[38;2;218;113;57m██[38;2;92;63;52m  [38;2;213;213;213m  [38;2;255;255;255m              
[38;2;255;255;255m                          [38;2;238;234;229m  [38;2;184;154;94m██[38;2;248;208;104m██████[38;2;242;198;100m██[38;2;224;147;76m██[38;2;224;168;88m████[38;2;69;52;27m██[38;2;235;235;235m  [38;2;255;255;255m              [38;2;211;181;169m  [38;2;213;160;88m██[38;2;218;103;52m██[38;2;224;132;67m██[38;2;244;201;101m██[38;2;247;207;103m██[38;2;232;173;88m██[38;2;218;114;58m██[38;2;222;151;79m██[38;2;166;74;37m██[38;2;118;118;118m  [38;2;255;255;255m              
[38;2;255;255;255m                          [38;2;238;234;229m  [38;2;184;154;94m██[38;2;248;208;104m████████[38;2;230;177;92m██[38;2;224;168;88m████[38;2;69;52;27m██[38;2;235;235;235m  [38;2;255;255;255m              [38;2;204;193;178m  [38;2;216;181;99m██[38;2;223;147;76m██[38;2;228;139;70m██[38;2;248;208;104m████[38;2;241;196;99m██[38;2;220;129;66m██[38;2;222;151;79m██[38;2;171;116;61m██[38;2;118;118;118m  [38;2;255;255;255m              
[38;2;255;255;255m                        [38;2;237;233;228m  [38;2;177;144;98m  [38;2;193;150;88m██[38;2;208;174;98m██[38;2;248;208;104m██████[38;2;234;184;95m██[38;2;238;192;97m██[38;2;224;168;88m██[38;2;169;135;88m██[38;2;201;199;197m  [38;2;255;255;255m              [38;2;216;207;196m  [38;2;207;176;108m  [38;2;246;206;104m██[38;2;248;208;104m████████[38;2;235;186;95m██[38;2;224;168;88m██[38;2;223;155;81m██[38;2;117;61;31m██[38;2;177;177;177m  [38;2;255;255;255m            
[38;2;255;255;255m                      [38;2;231;226;219m  [38;2;162;142;116m  [38;2;189;147;88m██[38;2;193;150;88m██[38;2;208;174;98m██[38;2;248;208;104m██████[38;2;239;194;98m██[38;2;233;182;94m██[38;2;224;168;88m██[38;2;169;135;88m██[38;2;112;90;59m  [38;2;183;183;183m  [38;2;255;255;255m              [38;2;178;162;139m  [38;2;240;201;103m██[38;2;248;208;104m████████[38;2;241;196;99m██[38;2;227;172;90m██[38;2;224;168;88m██[38;2;121;90;47m██[38;2;177;177;177m  [38;2;255;255;255m            
[38;2;255;255;255m                    [38;2;237;233;228m  [38;2;188;158;116m  [38;2;199;153;88m██[38;2;203;156;88m██[38;2;221;173;92m██[38;2;236;198;102m██[38;2;248;208;104m████[38;2;239;193;98m██[38;2;226;171;89m██[38;2;230;177;92m██[38;2;224;168;88m██[38;2;207;158;88m██[38;2;96;79;55m  [38;2;207;207;207m  [38;2;255;255;255m              [38;2;178;162;139m  [38;2;240;201;103m██[38;2;248;208;104m██████████[38;2;187;152;92m██[38;2;224;168;88m██[38;2;192;144;76m██[38;2;102;90;73m  [38;2;241;241;241m  [38;2;255;255;255m          
[38;2;255;255;255m                    [38;2;253;253;252m  [38;2;210;198;183m  [38;2;167;144;114m  [38;2;214;166;92m  [38;2;247;206;103m██[38;2;248;208;104m██████[38;2;237;190;97m██[38;2;225;169;89m██[38;2;207;156;85m██[38;2;190;142;74m████[38;2;156;119;67m  [38;2;134;134;134m  [38;2;255;255;255m            [38;2;247;245;243m  [38;2;165;147;129m  [38;2;239;200;102m██[38;2;248;208;104m██████████[38;2;228;179;94m██[38;2;215;162;88m██[38;2;224;168;88m██[38;2;69;52;27m██[38;2;205;205;205m  [38;2;255;255;255m          
[38;2;255;255;255m                        [38;2;225;219;211m  [38;2;196;166;103m  [38;2;248;208;104m██[38;2;223;187;100m██[38;2;168;141;72m██[38;2;248;208;104m██[38;2;197;165;82m██[38;2;141;109;56m██[38;2;166;155;140m  [38;2;98;98;98m    [38;2;122;122;122m  [38;2;255;255;255m            [38;2;245;243;240m  [38;2;199;180;146m  [38;2;106;75;73m██[38;2;234;195;101m██[38;2;248;208;104m████████████[38;2;186;145;88m██[38;2;224;168;88m██[38;2;129;96;51m██[38;2;97;79;53m  [38;2;195;195;195m  [38;2;255;255;255m        
[38;2;255;255;255m                        [38;2;178;162;139m  [38;2;99;83;44m██[38;2;95;80;40m██[38;2;167;156;133m  [38;2;161;158;153m  [38;2;95;80;40m██[38;2;129;121;103m  [38;2;157;157;157m  [38;2;255;255;255m                    [38;2;192;172;140m  [38;2;226;190;101m██[38;2;201;163;93m██[38;2;243;203;103m██[38;2;248;208;104m████████████[38;2;213;160;93m██[38;2;175;136;99m██[38;2;209;159;88m██[38;2;108;87;57m  [38;2;195;195;195m  [38;2;255;255;255m        
[38;2;255;255;255m                        [38;2;243;241;237m  [38;2;217;217;217m  [38;2;216;216;216m  [38;2;240;240;240m  [38;2;252;252;252m  [38;2;216;216;216m  [38;2;237;237;237m  [38;2;255;255;255m                      [38;2;222;213;200m  [38;2;169;144;103m  [38;2;218;184;103m  [38;2;245;205;103m██[38;2;234;195;101m██[38;2;243;203;103m██[38;2;248;208;104m██[38;2;221;183;107m██[38;2;197;162;105m██[38;2;229;192;96m██[38;2;216;163;89m██[38;2;212;160;91m██[38;2;139;98;75m██[38;2;203;198;199m  [38;2;255;255;255m          
[38;2;255;255;255m                                                                [38;2;163;144;134m  [38;2;178;144;96m  [38;2;128;106;123m  [38;2;169;137;104m  [38;2;240;200;102m██[38;2;209;173;97m██[38;2;98;86;79m  [38;2;78;78;78m  [38;2;173;151;121m  [38;2;155;116;61m████[38;2;90;69;78m  [38;2;255;255;255m          
[38;2;255;255;255m                                                                [38;2;197;186;194m  [38;2;184;171;180m  [38;2;255;255;255m  [38;2;203;194;201m  [38;2;156;123;95m  [38;2;159;129;108m  [38;2;216;209;214m  [38;2;255;255;255m  [38;2;228;228;228m  [38;2;137;137;137m    [38;2;155;155;155m  [38;2;255;255;255m          [0m
