
[38;2;0;0;0m                              [38;2;13;14;16m  [38;2;19;21;24m  [38;2;0;0;0m            [38;2;5;6;6m  [38;2;32;38;42m  [38;2;25;28;32m  [38;2;3;3;4m  [38;2;0;0;0m                                                                      
[38;2;0;0;0m                            [38;2;16;17;20m  [38;2;99;108;122m  [38;2;64;69;79m  [38;2;0;0;0m          [38;2;44;52;58m  [38;2;82;95;103m  [38;2;177;198;215m██[38;2;124;137;153m██[38;2;14;15;18m  [38;2;0;0;0m                                                                      
[38;2;0;0;0m                          [38;2;10;10;12m  [38;2;99;108;122m  [38;2;104;112;122m██[38;2;14;15;16m  [38;2;0;0;0m      [38;2;22;26;29m  [38;2;96;114;125m  [38;2;166;184;199m  [38;2;197;215;232m██[38;2;173;187;204m██[38;2;67;73;83m  [38;2;4;5;5m  [38;2;0;0;0m                                                                      
[38;2;0;0;0m                      [38;2;6;7;8m  [38;2;19;22;25m  [38;2;95;105;119m  [38;2;106;114;123m  [38;2;11;12;12m  [38;2;1;1;1m  [38;2;5;10;16m  [38;2;18;39;64m  [38;2;52;81;117m  [38;2;94;134;174m  [38;2;211;227;244m██[38;2;181;199;218m██[38;2;157;178;201m██[38;2;77;92;106m██[38;2;39;48;54m  [38;2;7;9;10m  [38;2;0;0;0m                                                                      
[38;2;0;0;0m                    [38;2;8;9;10m  [38;2;69;77;88m  [38;2;130;152;168m██[38;2;83;96;105m  [38;2;6;6;6m  [38;2;8;15;25m  [38;2;14;29;47m  [38;2;45;83;126m██[38;2;84;120;157m██[38;2;182;204;227m██[38;2;205;221;238m██[38;2;161;180;201m██[38;2;79;118;152m██[38;2;84;142;187m██[38;2;134;194;227m██[38;2;123;166;192m██[38;2;23;29;32m  [38;2;0;0;0m                                                                      
[38;2;0;0;0m                    [38;2;70;78;90m  [38;2;129;150;167m██[38;2;87;101;110m██[38;2;13;16;21m  [38;2;20;40;65m  [38;2;27;65;106m  [38;2;90;122;152m██[38;2;141;170;197m██[38;2;180;198;215m██[38;2;189;205;222m██[38;2;92;122;157m██[38;2;100;144;184m██[38;2;126;182;216m██[38;2;154;212;245m██[38;2;123;166;192m██[38;2;31;39;44m  [38;2;1;1;1m  [38;2;0;0;0m                                                                      
[38;2;0;0;0m                [38;2;4;4;5m  [38;2;63;69;81m  [38;2;131;154;171m██[38;2;93;121;148m██[38;2;27;40;54m██[38;2;32;38;44m  [38;2;141;164;184m██[38;2;165;186;208m██[38;2;179;197;215m██[38;2;185;202;219m██[38;2;177;195;215m██[38;2;88;118;151m██[38;2;103;162;197m██[38;2;144;201;236m██[38;2;148;205;240m██[38;2;97;159;196m██[38;2;36;69;100m  [38;2;6;6;6m  [38;2;0;0;0m                                                                        
[38;2;0;0;0m    [38;2;19;21;24m  [38;2;42;49;54m  [38;2;26;31;34m  [38;2;0;0;0m  [38;2;5;6;6m  [38;2;60;66;71m  [38;2;59;71;86m  [38;2;94;111;126m██[38;2;85;106;124m██[38;2;32;65;106m██[38;2;32;77;126m██[38;2;93;121;154m██[38;2;189;205;222m████[38;2;185;202;219m██[38;2;107;134;166m██[38;2;43;94;143m██[38;2;87;152;189m██[38;2;147;204;239m██[38;2;99;159;200m██[38;2;46;106;158m██[38;2;25;60;96m  [38;2;7;7;7m  [38;2;0;0;0m                                                                          
[38;2;0;0;0m    [38;2;29;31;37m  [38;2;111;128;143m  [38;2;114;135;148m  [38;2;75;88;97m  [38;2;29;32;35m  [38;2;210;227;244m██[38;2;157;179;202m██[38;2;43;49;55m██[38;2;26;48;74m██[38;2;32;65;106m████[38;2;177;194;213m██[38;2;189;205;222m████[38;2;115;140;169m██[38;2;77;130;169m██[38;2;115;175;213m██[38;2;78;139;183m██[38;2;76;134;183m██[38;2;32;90;148m██[38;2;26;62;99m██[38;2;7;10;12m  [38;2;0;0;0m                                                                            
[38;2;0;0;0m      [38;2;23;25;29m  [38;2;81;94;102m██[38;2;139;164;180m██[38;2;109;130;145m  [38;2;121;146;176m██[38;2;222;238;255m██[38;2;185;199;213m██[38;2;125;148;175m██[38;2;32;65;106m██[38;2;116;140;168m██[38;2;186;203;220m██[38;2;189;205;222m██[38;2;115;139;167m██[38;2;119;168;203m██[38;2;133;194;227m██[38;2;84;145;188m██[38;2;39;97;153m██[38;2;32;90;148m██[38;2;26;64;101m██[38;2;9;13;17m  [38;2;0;0;0m                                                                              
[38;2;0;0;0m        [38;2;5;5;5m  [38;2;73;85;92m  [38;2;58;72;80m██[38;2;69;86;98m██[38;2;162;184;203m██[38;2;218;234;251m██[38;2;220;236;253m██[38;2;203;219;236m██[38;2;189;205;222m██[38;2;158;179;201m██[38;2;127;158;186m██[38;2;119;169;205m██[38;2;128;186;224m██[38;2;67;129;174m██[38;2;32;90;148m██[38;2;29;77;125m██[38;2;12;12;12m  [38;2;7;7;7m  [38;2;0;0;0m                                                                                
[38;2;0;0;0m        [38;2;3;3;3m  [38;2;17;27;38m  [38;2;131;181;212m██[38;2;78;120;158m██[38;2;102;128;156m██[38;2;179;199;216m██[38;2;147;178;209m██[38;2;189;205;222m██[38;2;139;160;185m██[38;2;97;142;178m██[38;2;137;197;230m██[38;2;121;178;218m██[38;2;42;100;156m██[38;2;30;79;129m██[38;2;25;56;87m██[38;2;12;20;27m  [38;2;0;0;0m                                          [38;2;30;35;38m  [38;2;64;76;83m  [38;2;37;41;47m  [38;2;0;0;0m                                    
[38;2;0;0;0m        [38;2;52;56;61m  [38;2;72;96;126m██[38;2;70;107;145m██[38;2;141;162;186m██[38;2;102;115;129m██[38;2;180;100;96m██[38;2;60;77;95m██[38;2;173;192;209m██[38;2;101;147;176m██[38;2;150;207;240m██[38;2;141;200;233m██[38;2;64;124;173m██[38;2;31;86;141m██[38;2;16;28;41m  [38;2;5;5;5m  [38;2;1;1;1m  [38;2;0;0;0m                                        [38;2;22;26;29m  [38;2;142;160;174m  [38;2;196;215;232m██[38;2;164;177;193m  [38;2;38;42;49m  [38;2;0;0;0m                                  
[38;2;0;0;0m        [38;2;63;71;79m  [38;2;172;190;210m██[38;2;147;165;185m██[38;2;30;34;38m██[38;2;119;55;53m██[38;2;207;71;57m██[38;2;76;82;88m██[38;2;166;186;203m██[38;2;117;169;197m██[38;2;152;210;243m██[38;2;110;168;210m██[38;2;32;85;137m██[38;2;16;27;38m  [38;2;1;1;1m  [38;2;0;0;0m                                          [38;2;16;19;21m  [38;2;158;179;194m  [38;2;219;235;252m██[38;2;222;238;255m██[38;2;175;188;202m  [38;2;47;51;60m  [38;2;0;0;0m                                  
[38;2;0;0;0m      [38;2;2;4;6m  [38;2;20;40;66m  [38;2;136;159;185m██[38;2;57;94;134m██[38;2;25;52;81m██[38;2;49;81;111m██[38;2;78;85;92m██[38;2;189;205;222m██[38;2;144;160;174m██[38;2;121;167;193m██[38;2;154;212;245m██[38;2;108;166;208m██[38;2;22;44;67m██[38;2;2;2;2m  [38;2;0;0;0m                                          [38;2;29;34;37m  [38;2;144;163;177m  [38;2;222;238;255m████[38;2;187;201;218m██[38;2;21;22;23m  [38;2;0;0;0m                                    
[38;2;0;0;0m      [38;2;10;13;17m  [38;2;91;111;137m██[38;2;155;177;197m██[38;2;135;165;195m██[38;2;129;154;182m██[38;2;134;163;186m██[38;2;177;196;212m██[38;2;164;178;193m██[38;2;56;69;84m██[38;2;48;86;120m██[38;2;148;205;238m██[38;2;108;166;208m██[38;2;22;44;67m██[38;2;22;38;58m  [38;2;55;60;71m    [38;2;13;14;16m  [38;2;0;0;0m                                  [38;2;26;31;34m  [38;2;142;159;173m  [38;2;215;231;248m██[38;2;222;238;255m████[38;2;99;106;116m██[38;2;3;4;4m  [38;2;0;0;0m                                    
[38;2;0;0;0m      [38;2;19;22;24m  [38;2;93;107;117m  [38;2;46;51;54m██[38;2;53;78;107m██[38;2;55;84;119m██[38;2;52;83;120m██[38;2;157;176;198m██[38;2;117;135;147m██[38;2;23;39;58m██[38;2;32;65;106m██[38;2;105;164;198m██[38;2;108;166;208m██[38;2;30;83;136m██[38;2;39;74;114m██[38;2;133;155;171m██[38;2;156;174;191m██[38;2;105;114;129m  [38;2;84;92;106m  [38;2;86;94;108m  [38;2;31;34;39m  [38;2;1;1;1m  [38;2;0;0;0m                [38;2;5;5;6m  [38;2;77;83;97m  [38;2;47;51;60m  [38;2;0;0;0m  [38;2;18;21;23m  [38;2;150;170;184m  [38;2;216;233;250m██[38;2;222;238;255m████[38;2;168;180;197m██[38;2;34;37;41m  [38;2;0;0;0m        [38;2;3;4;4m  [38;2;11;13;14m    [38;2;5;6;7m  [38;2;0;0;0m                      
[38;2;0;0;0m        [38;2;35;38;44m  [38;2;120;139;155m██[38;2;64;73;80m  [38;2;16;23;32m  [38;2;27;50;78m██[38;2;152;169;189m██[38;2;82;95;103m██[38;2;23;39;58m██[38;2;32;65;106m██[38;2;48;85;125m██[38;2;105;165;205m██[38;2;40;99;154m██[38;2;44;88;134m██[38;2;127;152;173m██[38;2;182;199;216m██[38;2;189;205;222m██[38;2;194;210;227m██[38;2;217;233;250m██[38;2;159;171;188m██[38;2;14;15;16m  [38;2;0;0;0m                [38;2;62;68;80m  [38;2;163;176;193m██[38;2;41;45;52m  [38;2;0;0;0m  [38;2;124;144;158m  [38;2;222;238;255m██████[38;2;207;222;238m██[38;2;91;96;103m  [38;2;3;3;3m  [38;2;0;0;0m      [38;2;36;43;47m  [38;2;80;92;101m  [38;2;165;187;203m████[38;2;69;75;88m  [38;2;0;0;0m                      
[38;2;0;0;0m        [38;2;16;17;20m  [38;2;61;69;77m  [38;2;118;139;153m  [38;2;2;2;2m  [38;2;33;36;41m  [38;2;158;172;187m██[38;2;18;22;27m██[38;2;28;53;84m██[38;2;32;65;106m██[38;2;37;72;112m██[38;2;88;141;177m██[38;2;69;129;177m██[38;2;51;113;169m██[38;2;65;95;129m██[38;2;151;174;190m██[38;2;111;122;131m██[38;2;96;103;111m██[38;2;103;110;118m██[38;2;139;149;163m██[38;2;17;18;19m  [38;2;0;0;0m              [38;2;22;24;29m  [38;2;114;124;139m  [38;2;159;172;187m██[38;2;10;10;10m  [38;2;30;32;38m  [38;2;166;183;199m  [38;2;222;238;255m██████[38;2;118;127;140m  [38;2;4;4;4m  [38;2;0;0;0m    [38;2;29;34;37m  [38;2;75;88;97m  [38;2;167;186;201m  [38;2;195;214;231m██[38;2;222;238;255m██[38;2;167;180;197m██[38;2;32;35;41m  [38;2;0;0;0m                      
[38;2;0;0;0m          [38;2;2;2;2m  [38;2;35;39;42m  [38;2;0;0;0m  [38;2;11;12;14m  [38;2;92;100;114m  [38;2;20;27;37m██[38;2;32;65;106m████[38;2;32;68;111m██[38;2;80;134;180m██[38;2;80;137;186m██[38;2;53;117;174m██[38;2;53;103;151m██[38;2;101;129;154m██[38;2;147;162;176m██[38;2;57;62;72m  [38;2;4;4;4m  [38;2;16;17;20m  [38;2;2;2;2m  [38;2;0;0;0m              [38;2;42;45;53m  [38;2;159;172;189m██[38;2;162;176;190m██[38;2;10;10;10m  [38;2;55;60;71m  [38;2;202;216;233m██[38;2;222;238;255m██████[38;2;25;27;30m  [38;2;0;0;0m    [38;2;99;116;128m  [38;2;144;163;177m  [38;2;203;221;238m██[38;2;219;235;252m██[38;2;222;238;255m██[38;2;167;180;197m██[38;2;44;47;54m  [38;2;0;0;0m                        
[38;2;0;0;0m                    [38;2;4;4;4m  [38;2;23;41;62m██[38;2;32;71;116m██[38;2;33;90;147m██[38;2;57;120;170m██[38;2;103;167;202m██[38;2;65;131;184m██[38;2;51;109;162m██[38;2;79;112;145m██[38;2;163;183;201m██[38;2;113;123;140m████[38;2;118;128;145m██[38;2;49;53;57m  [38;2;2;2;2m  [38;2;0;0;0m          [38;2;5;5;6m  [38;2;63;69;79m  [38;2;166;180;197m██[38;2;105;116;133m██[38;2;120;139;155m██[38;2;167;179;196m██[38;2;201;217;234m██[38;2;217;233;250m██[38;2;212;229;246m██[38;2;103;112;126m██[38;2;32;38;42m  [38;2;90;104;113m  [38;2;158;181;197m██[38;2;217;234;251m██[38;2;222;238;255m████[38;2;218;234;251m██[38;2;125;133;142m  [38;2;6;6;6m  [38;2;0;0;0m                          
[38;2;0;0;0m                    [38;2;2;2;2m  [38;2;19;41;64m  [38;2;32;86;142m██[38;2;36;95;153m██[38;2;57;123;180m██[38;2;118;178;221m██[38;2;107;169;214m██[38;2;57;123;180m██[38;2;44;92;140m██[38;2;114;141;163m██[38;2;189;205;222m████[38;2;201;217;234m██[38;2;115;123;131m  [38;2;5;5;5m  [38;2;0;0;0m          [38;2;21;23;27m  [38;2;136;147;164m██[38;2;189;205;222m██[38;2;105;116;133m██[38;2;138;158;174m██[38;2;178;192;209m██[38;2;206;222;239m██[38;2;205;221;238m██[38;2;158;175;191m██[38;2;101;110;120m██[38;2;148;172;188m██[38;2;198;217;233m██[38;2;222;238;255m████████[38;2;132;142;151m  [38;2;6;6;6m  [38;2;0;0;0m                            
[38;2;0;0;0m                      [38;2;15;30;49m  [38;2;32;82;135m██[38;2;36;95;153m██[38;2;57;123;180m██[38;2;93;158;200m██[38;2;144;203;237m██[38;2;77;143;188m██[38;2;53;113;168m██[38;2;61;98;135m██[38;2;135;153;167m██[38;2;69;74;79m████[38;2;9;9;10m  [38;2;0;0;0m          [38;2;48;52;61m  [38;2;69;75;88m  [38;2;136;147;164m██[38;2;142;154;171m██[38;2;126;146;162m██[38;2;167;189;205m██[38;2;204;220;237m██[38;2;191;207;224m██[38;2;175;189;206m██[38;2;141;153;170m██[38;2;155;176;192m██[38;2;185;203;220m██[38;2;222;238;255m████████[38;2;134;143;153m██[38;2;16;17;18m  [38;2;0;0;0m                              
[38;2;0;0;0m                      [38;2;15;30;49m  [38;2;32;82;135m██[38;2;35;94;152m██[38;2;55;120;177m██[38;2;59;125;181m██[38;2;134;194;230m██[38;2;122;183;223m██[38;2;57;123;180m██[38;2;41;85;132m██[38;2;115;138;157m██[38;2;63;70;80m  [38;2;20;21;24m  [38;2;14;15;18m  [38;2;9;9;11m  [38;2;0;0;0m    [38;2;4;5;5m  [38;2;51;56;65m  [38;2;147;160;176m  [38;2;137;160;176m██[38;2;164;184;200m██[38;2;120;131;148m██[38;2;142;165;181m██[38;2;188;204;221m██[38;2;190;206;223m██[38;2;177;194;211m██[38;2;134;145;162m██[38;2;181;198;215m██[38;2;159;181;197m██[38;2;210;226;243m██[38;2;206;222;239m██[38;2;217;233;250m██[38;2;193;209;226m██[38;2;96;110;120m  [38;2;12;13;13m  [38;2;0;0;0m                                
[38;2;0;0;0m                    [38;2;41;49;53m  [38;2;15;30;49m  [38;2;32;82;135m██[38;2;32;90;148m██[38;2;42;103;160m██[38;2;57;123;180m██[38;2;82;148;192m██[38;2;110;172;213m██[38;2;57;123;180m████[38;2;57;88;123m██[38;2;162;183;199m██[38;2;147;159;176m██[38;2;128;139;156m██[38;2;81;88;98m  [38;2;2;2;2m  [38;2;29;32;37m  [38;2;67;73;83m  [38;2;141;152;169m██[38;2;80;86;98m██[38;2;151;173;190m██[38;2;171;186;203m██[38;2;122;136;153m██[38;2;159;179;196m██[38;2;189;205;222m██[38;2;177;195;212m██[38;2;133;152;168m██[38;2;183;200;217m██[38;2;164;184;201m██[38;2;198;215;232m██[38;2;203;219;236m██[38;2;182;197;214m██[38;2;151;164;181m██[38;2;130;141;158m██[38;2;92;100;113m  [38;2;13;14;17m  [38;2;4;5;5m  [38;2;53;63;69m      [38;2;41;49;53m  [38;2;0;0;0m                      
[38;2;0;0;0m                  [38;2;66;78;85m  [38;2;143;159;175m  [38;2;36;44;57m  [38;2;26;59;97m  [38;2;32;89;146m██[38;2;42;103;160m██[38;2;57;123;180m██[38;2;58;124;181m██[38;2;68;134;185m██[38;2;57;123;180m████[38;2;53;101;148m██[38;2;112;138;163m██[38;2;180;197;214m██[38;2;105;129;157m██[38;2;102;111;126m██[38;2;58;63;73m  [38;2;153;165;181m  [38;2;187;201;218m██[38;2;154;164;176m██[38;2;116;125;135m██[38;2;151;173;190m██[38;2;143;156;173m██[38;2;124;144;160m██[38;2;185;202;219m██[38;2;189;205;222m██[38;2;140;155;172m██[38;2;145;159;176m██[38;2;162;183;199m██[38;2;180;198;215m██[38;2;189;205;222m██[38;2;138;149;166m██[38;2;139;151;168m██[38;2;151;164;181m██[38;2;181;198;215m██[38;2;144;164;180m██[38;2;99;115;128m  [38;2;94;109;120m  [38;2;190;210;226m██████[38;2;159;175;190m  [38;2;30;32;38m  [38;2;0;0;0m                    
[38;2;0;0;0m                  [38;2;107;126;138m  [38;2;155;168;182m██[38;2;22;24;26m  [38;2;23;45;74m  [38;2;32;88;145m██[38;2;33;92;150m██[38;2;49;112;170m██[38;2;57;123;180m████████[38;2;56;121;177m██[38;2;51;99;146m██[38;2;59;90;127m██[38;2;96;112;133m██[38;2;162;181;198m██[38;2;200;215;232m██[38;2;194;210;226m██[38;2;143;154;166m██[38;2;91;104;114m██[38;2;141;164;179m██[38;2;181;198;215m██[38;2;141;154;170m██[38;2;128;147;164m██[38;2;184;201;218m██[38;2;155;168;185m██[38;2;148;161;178m██[38;2;156;177;194m██[38;2;181;198;215m██[38;2;181;197;214m██[38;2;129;140;157m██[38;2;173;188;205m██[38;2;177;193;210m██[38;2;161;182;199m██[38;2;159;181;198m██[38;2;208;225;242m██[38;2;209;227;243m██[38;2;210;227;244m██[38;2;219;235;252m██[38;2;209;224;240m██[38;2;127;137;153m  [38;2;39;41;44m  [38;2;7;8;10m  [38;2;0;0;0m                    
[38;2;0;0;0m                  [38;2;74;87;96m  [38;2;177;195;212m██[38;2;134;145;156m██[38;2;43;68;98m██[38;2;32;88;145m██[38;2;32;90;148m██[38;2;43;104;162m██[38;2;56;121;178m██[38;2;57;123;180m██████[38;2;57;118;172m██[38;2;86;136;180m██[38;2;142;171;196m██[38;2;216;232;249m██[38;2;212;228;245m██[38;2;165;178;192m██[38;2;128;139;150m██[38;2;70;79;88m██[38;2;131;153;169m██[38;2;136;159;175m██[38;2;166;180;197m██[38;2;113;128;145m██[38;2;174;192;209m██[38;2;174;189;206m██[38;2;122;134;151m██[38;2;162;183;199m██[38;2;181;198;215m██[38;2;147;159;176m██[38;2;120;131;148m██[38;2;161;178;195m██[38;2;169;189;205m██[38;2;154;177;193m██[38;2;178;196;213m██[38;2;189;205;222m██[38;2;198;214;231m██[38;2;218;234;251m██[38;2;168;180;193m██[38;2;129;138;150m  [38;2;35;37;43m  [38;2;3;3;3m  [38;2;0;0;0m                        
[38;2;0;0;0m                    [38;2;130;146;163m██[38;2;164;178;195m██[38;2;135;155;180m██[38;2;134;169;204m██[38;2;95;139;183m██[38;2;32;90;148m██[38;2;42;103;160m██[38;2;48;111;168m██[38;2;50;113;171m██[38;2;88;136;176m██[38;2;146;178;209m██[38;2;201;220;236m██[38;2;222;238;255m██[38;2;190;208;227m██[38;2;101;119;141m██[38;2;52;66;82m██[38;2;13;16;20m  [38;2;63;71;81m  [38;2;115;131;148m██[38;2;134;157;173m██[38;2;152;172;188m██[38;2;127;148;164m██[38;2;155;177;193m██[38;2;159;179;195m██[38;2;142;159;175m██[38;2;137;154;170m██[38;2;136;148;165m██[38;2;157;171;188m██[38;2;175;193;210m██[38;2;165;185;202m██[38;2;171;190;207m██[38;2;189;205;222m████[38;2;181;196;213m██[38;2;120;130;144m██[38;2;105;113;120m██[38;2;23;24;26m  [38;2;5;5;5m  [38;2;0;0;0m                            
[38;2;0;0;0m                    [38;2;113;123;140m██[38;2;143;156;173m██[38;2;181;195;212m██[38;2;212;229;246m██[38;2;141;168;188m██[38;2;64;112;157m██[38;2;32;90;148m██[38;2;34;92;150m██[38;2;113;155;196m██[38;2;197;217;236m██[38;2;222;238;255m██[38;2;193;212;228m██[38;2;185;203;220m██[38;2;73;104;141m██[38;2;31;80;130m██[38;2;42;96;145m██[38;2;29;59;94m  [38;2;31;57;90m  [38;2;51;81;116m██[38;2;120;146;167m██[38;2;139;164;180m████[38;2;166;186;202m██[38;2;179;197;214m██[38;2;185;201;218m██[38;2;171;186;203m██[38;2;165;180;197m██[38;2;151;173;190m██[38;2;165;185;202m██[38;2;186;203;220m██[38;2;189;205;222m██[38;2;154;167;184m██[38;2;73;79;87m██[38;2;51;54;58m  [38;2;14;15;18m  [38;2;4;4;4m  [38;2;1;1;1m  [38;2;0;0;0m                  [38;2;2;5;9m  [38;2;25;69;114m  [38;2;11;32;53m  [38;2;0;0;0m      
[38;2;0;0;0m                    [38;2;21;23;27m  [38;2;151;163;180m██[38;2;222;238;255m██[38;2;194;213;230m██[38;2;139;164;180m████[38;2;140;165;181m██[38;2;178;199;215m██[38;2;212;229;246m██[38;2;203;221;238m██[38;2;151;173;190m██[38;2;152;173;192m██[38;2;69;102;140m██[38;2;33;90;147m██[38;2;45;107;165m██[38;2;57;123;180m██[38;2;57;122;179m██[38;2;59;118;173m██[38;2;120;155;186m██[38;2;201;219;236m██[38;2;197;217;236m██[38;2;178;204;230m████[38;2;174;200;226m██[38;2;167;189;211m██[38;2;189;205;222m██[38;2;156;178;195m██[38;2;139;165;184m██[38;2;94;120;146m██[38;2;71;80;96m  [38;2;12;12;12m  [38;2;7;7;7m  [38;2;0;0;0m                          [38;2;5;13;21m  [38;2;60;111;155m  [38;2;118;175;216m██[38;2;15;42;68m  [38;2;0;0;0m      
[38;2;0;0;0m                    [38;2;84;96;105m  [38;2;184;197;214m██[38;2;222;238;255m██[38;2;145;170;186m██[38;2;139;164;180m████[38;2;142;167;183m██[38;2;184;204;220m██[38;2;172;193;209m██[38;2;162;183;199m██[38;2;155;176;195m██[38;2;78;111;149m██[38;2;32;86;141m██[38;2;45;107;164m██[38;2;57;123;180m████[38;2;55;120;178m██[38;2;63;115;166m██[38;2;134;170;206m██[38;2;121;156;192m██[38;2;88;136;176m██[38;2;44;105;163m████[38;2;86;144;191m██[38;2;100;149;191m██[38;2;117;152;188m██[38;2;122;156;190m██[38;2;163;186;210m██[38;2;61;96;131m██[38;2;11;19;26m  [38;2;0;0;0m                          [38;2;2;6;11m  [38;2;15;42;68m  [38;2;61;106;145m  [38;2;144;201;236m██[38;2;99;159;200m██[38;2;15;42;68m  [38;2;0;0;0m      
[38;2;0;0;0m                  [38;2;74;87;96m  [38;2;202;220;237m██[38;2;222;238;255m██[38;2;182;203;219m██[38;2;141;166;182m██[38;2;139;164;180m██[38;2;160;181;198m██[38;2;174;192;209m████[38;2;182;199;216m██[38;2;162;183;200m██[38;2;57;92;130m██[38;2;32;86;141m██[38;2;44;106;163m██[38;2;62;127;185m██[38;2;78;140;201m████[38;2;62;127;185m██[38;2;49;113;170m██████[38;2;57;123;180m██████[38;2;148;206;241m██[38;2;126;185;221m██[38;2;60;124;175m██[38;2;52;114;170m██[38;2;80;125;171m██[38;2;46;66;87m██[38;2;25;42;64m██[38;2;11;11;11m    [38;2;3;3;3m  [38;2;0;0;0m                  [38;2;15;43;71m  [38;2;24;64;105m  [38;2;65;112;156m██[38;2;141;198;234m██[38;2;148;205;240m██[38;2;39;87;127m  [38;2;5;13;21m  [38;2;0;0;0m      
[38;2;0;0;0m                [38;2;7;8;10m  [38;2;72;87;113m  [38;2;99;155;255m██[38;2;85;146;254m██[38;2;86;118;176m██[38;2;131;153;170m██[38;2;161;182;199m██[38;2;188;204;221m██[38;2;189;205;222m██████[38;2;75;121;167m██[38;2;32;89;146m██[38;2;34;92;150m██[38;2;50;114;172m██[38;2;88;149;211m██[38;2;78;141;202m████[38;2;59;124;182m██[38;2;57;123;180m████████[38;2;55;121;178m██[38;2;47;108;163m██[38;2;147;205;239m██[38;2;154;212;245m██[38;2;97;160;206m██[38;2;38;98;155m██[38;2;32;90;148m██[38;2;31;75;122m██[38;2;20;29;40m██[38;2;31;61;99m████[38;2;21;34;50m  [38;2;17;22;29m    [38;2;8;10;13m  [38;2;2;2;2m        [38;2;17;22;29m    [38;2;27;53;84m  [38;2;34;69;111m██[38;2;86;131;168m██[38;2;151;208;241m██[38;2;94;152;186m  [38;2;2;5;8m  [38;2;0;0;0m        
[38;2;0;0;0m                [38;2;48;53;62m  [38;2;71;123;223m██[38;2;152;193;254m██[38;2;95;158;252m██[38;2;65;131;255m██[38;2;81;93;113m██[38;2;189;205;222m██████████[38;2;100;138;175m██[38;2;32;90;148m██[38;2;44;105;163m██[38;2;57;123;180m██[38;2;62;127;185m██[38;2;76;139;199m████[38;2;62;127;185m██[38;2;57;123;180m██████[38;2;55;120;177m██[38;2;40;101;159m██[38;2;93;154;195m██[38;2;153;211;244m██[38;2;156;213;246m██[38;2;134;194;227m██[38;2;46;104;158m██[38;2;32;87;143m██[38;2;32;72;118m██[38;2;24;42;63m██[38;2;69;109;147m██[38;2;32;65;106m████████[38;2;26;46;72m██[38;2;22;35;51m████████[38;2;32;65;106m██████[38;2;65;112;150m██[38;2;125;187;220m██[38;2;92;141;166m██[38;2;25;59;90m  [38;2;0;0;0m          
[38;2;0;0;0m                [38;2;19;20;24m  [38;2;70;94;140m  [38;2;65;131;255m██████[38;2;46;54;66m██[38;2;177;195;212m████[38;2;189;205;222m██[38;2;180;197;214m██[38;2;142;158;175m██[38;2;113;127;144m██[38;2;32;90;148m██[38;2;44;105;163m██[38;2;57;123;180m██████████████[38;2;45;107;165m██[38;2;39;100;157m██[38;2;51;111;162m██[38;2;130;189;225m██[38;2;156;213;246m██████[38;2;82;143;184m██[38;2;32;72;117m██[38;2;32;65;106m████[38;2;79;107;125m██[38;2;92;142;178m██[38;2;44;84;123m██[38;2;32;65;106m██████████████████[38;2;60;107;145m██[38;2;127;187;220m██[38;2;92;141;166m██[38;2;22;32;37m  [38;2;1;1;1m  [38;2;0;0;0m          
[38;2;0;0;0m                  [38;2;64;70;82m  [38;2;67;128;244m██[38;2;64;126;241m██[38;2;42;69;118m██[38;2;157;170;186m██[38;2;186;203;220m████[38;2;127;139;156m██[38;2;152;173;189m██[38;2;172;188;205m██[38;2;173;188;205m██[38;2;134;154;174m██[38;2;33;64;94m██[38;2;50;113;169m██[38;2;59;125;181m██[38;2;57;123;180m████[38;2;55;121;178m██[38;2;49;113;170m██[38;2;36;95;153m██[38;2;33;91;149m██[38;2;33;90;146m██[38;2;88;146;192m██[38;2;153;211;244m██[38;2;151;208;241m██[38;2;148;205;238m██[38;2;154;212;245m██[38;2;140;197;230m██[38;2;39;73;113m██[38;2;32;65;106m████[38;2;31;55;83m██[38;2;84;115;133m██[38;2;134;189;223m██[38;2;88;143;179m██[38;2;42;76;117m██[38;2;39;74;114m██[38;2;33;66;107m██[38;2;32;65;106m██[38;2;35;69;110m██[38;2;41;76;116m██[38;2;53;94;133m██[38;2;111;168;202m██[38;2;139;197;230m██[38;2;93;144;171m  [38;2;18;24;27m  [38;2;1;1;1m  [38;2;0;0;0m            
[38;2;0;0;0m                    [38;2;76;83;96m██[38;2;89;98;109m██[38;2;118;136;149m██[38;2;173;192;209m██[38;2;189;205;222m████[38;2;184;199;216m██[38;2;120;131;148m██[38;2;122;138;154m██[38;2;151;166;182m██[38;2;136;147;159m██[38;2;80;86;93m██[38;2;53;99;133m██[38;2;103;167;205m██[38;2;57;123;180m████[38;2;42;103;160m██[38;2;32;90;148m██[38;2;32;86;141m██[38;2;32;82;135m██[38;2;81;126;164m██[38;2;126;188;221m██[38;2;124;177;212m██[38;2;74;126;162m██[38;2;50;91;130m██[38;2;102;154;190m██[38;2;136;194;228m██[38;2;124;177;212m██[38;2;41;79;119m██[38;2;32;65;106m██[38;2;29;57;92m██[38;2;24;40;60m██[38;2;62;108;141m██[38;2;118;170;205m██[38;2;145;204;237m██[38;2;131;192;225m██[38;2;77;121;159m██[38;2;70;111;149m██[38;2;95;147;183m██[38;2;133;194;227m██[38;2;118;167;203m██[38;2;99;152;187m██[38;2;74;123;150m██[38;2;14;18;19m  [38;2;0;0;0m                
[38;2;0;0;0m                    [38;2;31;38;45m██[38;2;88;107;127m██[38;2;144;161;174m██[38;2;145;169;185m██[38;2;172;191;208m██[38;2;189;205;222m██████[38;2;164;178;195m██[38;2;78;108;142m██[38;2;28;60;91m██[38;2;38;74;104m██[38;2;101;154;187m██[38;2;139;197;234m██[38;2;57;123;180m████[38;2;55;119;176m██[38;2;32;81;132m██[38;2;51;105;152m██[38;2;92;139;175m██[38;2;117;174;208m██[38;2;77;123;160m██[38;2;41;79;119m██[38;2;32;65;106m██████[38;2;60;105;143m██[38;2;102;151;187m██[38;2;77;123;160m██[38;2;32;65;106m████[38;2;25;42;64m██[38;2;21;32;45m██[38;2;36;70;109m██[38;2;73;119;157m██[38;2;89;133;171m████████[38;2;69;116;153m██[38;2;30;59;95m██[38;2;23;39;58m██[38;2;12;17;23m  [38;2;1;1;1m  [38;2;0;0;0m                
[38;2;0;0;0m                    [38;2;20;27;37m██[38;2;74;112;146m██[38;2;77;93;103m██[38;2;162;180;196m██[38;2;143;168;184m██[38;2;174;193;210m██[38;2;189;205;222m████[38;2;124;157;191m██[38;2;40;96;152m██[38;2;53;117;174m██[38;2;57;123;180m██[38;2;95;159;200m██[38;2;142;201;235m██[38;2;76;142;188m██[38;2;57;123;180m██[38;2;54;116;169m██[38;2;53;76;94m██[38;2;136;194;229m██[38;2;80;123;161m██[38;2;44;83;122m██[38;2;32;65;106m████████████[38;2;56;99;137m██[38;2;96;157;191m██[38;2;44;83;122m██[38;2;32;65;106m██[38;2;30;60;96m██[38;2;20;28;37m██[38;2;21;32;46m██[38;2;32;65;106m██████████[38;2;23;36;53m██[38;2;16;22;29m  [38;2;4;4;4m  [38;2;1;1;1m  [38;2;0;0;0m                  
[38;2;0;0;0m                  [38;2;12;12;12m  [38;2;41;61;76m██[38;2;126;187;220m██[38;2;66;107;146m██[38;2;41;51;63m██[38;2;150;166;180m██[38;2;120;136;153m██[38;2;157;171;188m██[38;2;177;196;212m██[38;2;99;139;178m██[38;2;32;90;148m██[38;2;57;123;180m██████[38;2;96;161;200m██[38;2;118;178;221m██[38;2;57;123;180m██[38;2;35;90;144m██[38;2;52;70;85m██[38;2;74;112;146m██[38;2;32;65;106m██████████████████[38;2;92;139;175m██[38;2;69;114;152m██[38;2;32;65;106m██████[38;2;22;34;50m██[38;2;28;54;85m████[38;2;27;51;80m  [38;2;12;12;12m    [38;2;3;3;3m  [38;2;0;0;0m                        
[38;2;0;0;0m                [38;2;4;4;4m  [38;2;20;31;46m  [38;2;105;152;188m██[38;2;115;169;204m██[38;2;43;81;121m██[38;2;31;61;99m██[38;2;56;69;84m██[38;2;128;146;160m██[38;2;117;134;151m██[38;2;123;143;159m██[38;2;108;143;171m██[38;2;43;98;151m██[38;2;48;111;169m██[38;2;57;123;180m████[38;2;72;137;190m██[38;2;125;186;224m██[38;2;57;121;174m██[38;2;34;91;147m██[38;2;27;50;78m██[38;2;25;42;64m██[38;2;32;65;106m██████████████████[38;2;51;94;132m██[38;2;112;171;205m██[38;2;76;118;156m██[38;2;32;65;106m████[38;2;30;57;92m██[38;2;16;16;16m██[38;2;11;11;11m  [38;2;8;8;8m  [38;2;0;0;0m                              
[38;2;0;0;0m                [38;2;15;27;42m  [38;2;66;114;148m██[38;2;147;205;238m██[38;2;77;126;163m██[38;2;32;65;106m████[38;2;30;59;95m██[38;2;44;57;71m██[38;2;125;147;161m██[38;2;118;136;152m██[38;2;123;143;159m██[38;2;114;146;172m██[38;2;91;132;167m██[38;2;40;92;144m██[38;2;52;111;164m██[38;2;66;132;185m██[38;2;124;186;219m██[38;2;73;132;180m██[38;2;32;75;122m██[38;2;30;60;97m██[38;2;24;40;60m██[38;2;29;57;92m████[38;2;21;31;44m██████[38;2;25;44;68m██[38;2;32;65;106m████████[38;2;127;179;214m██[38;2;147;202;236m██[38;2;78;120;158m██[38;2;32;65;106m██[38;2;31;63;102m██[38;2;23;37;54m██[38;2;6;6;6m  [38;2;0;0;0m                                
[38;2;0;0;0m              [38;2;7;9;11m  [38;2;31;53;78m  [38;2;126;179;214m██[38;2;80;134;170m██[38;2;35;69;110m██[38;2;32;65;106m████[38;2;31;62;101m██[38;2;20;30;44m  [38;2;73;81;93m  [38;2;125;147;161m██[38;2;117;134;151m██[38;2;101;113;130m██[38;2;118;140;154m██[38;2;75;112;146m██[38;2;33;90;147m██[38;2;34;89;145m██[38;2;83;138;184m██[38;2;91;137;175m██[38;2;43;81;121m██[38;2;32;65;106m██[38;2;23;39;58m██[38;2;17;19;21m████[38;2;15;15;15m  [38;2;5;5;5m  [38;2;1;1;1m  [38;2;6;7;9m  [38;2;24;42;65m  [38;2;30;58;93m██[38;2;32;65;106m████[38;2;78;132;168m██[38;2;156;213;246m██[38;2;131;190;224m██[38;2;53;95;134m██[38;2;32;65;106m██[38;2;27;49;77m██[38;2;16;18;21m  [38;2;2;2;2m  [38;2;0;0;0m                              
[38;2;0;0;0m            [38;2;1;1;1m  [38;2;21;31;44m██[38;2;80;128;165m██[38;2;148;206;239m██[38;2;32;65;106m██████[38;2;31;62;101m██[38;2;22;35;50m██[38;2;6;6;6m  [38;2;1;1;1m  [38;2;33;38;41m  [38;2;89;104;114m  [38;2;92;107;117m██[38;2;10;10;10m  [38;2;17;27;38m  [38;2;30;70;113m██[38;2;32;66;108m██[38;2;80;122;160m██[38;2;156;213;246m██[38;2;121;181;215m██[38;2;50;91;130m██[38;2;27;49;76m██[38;2;17;20;24m██[38;2;16;16;16m██[38;2;9;9;9m  [38;2;0;0;0m      [38;2;6;6;6m  [38;2;11;13;15m  [38;2;28;52;82m██[38;2;32;65;106m████[38;2;119;169;205m██[38;2;156;213;246m██[38;2;70;111;149m██[38;2;32;65;106m████[38;2;22;35;51m██[38;2;2;2;2m  [38;2;0;0;0m                              
[38;2;0;0;0m            [38;2;1;1;1m  [38;2;21;31;44m██[38;2;99;145;181m██[38;2;129;190;223m██[38;2;32;65;106m██████[38;2;30;57;92m██[38;2;12;12;12m  [38;2;2;2;2m  [38;2;0;0;0m    [38;2;3;3;3m  [38;2;6;6;6m  [38;2;0;0;0m  [38;2;3;3;3m  [38;2;17;26;37m  [38;2;31;63;102m██[38;2;66;110;148m██[38;2;142;201;234m██[38;2;154;212;245m██[38;2;102;154;190m██[38;2;32;65;106m██[38;2;20;27;37m██[38;2;14;14;14m  [38;2;3;3;3m  [38;2;0;0;0m          [38;2;11;15;20m  [38;2;27;51;80m██[38;2;32;65;106m██[38;2;43;78;118m██[38;2;115;164;200m██[38;2;70;111;149m██[38;2;83;112;141m██[38;2;32;65;106m██[38;2;22;35;51m██[38;2;2;2;2m  [38;2;0;0;0m                              
[38;2;0;0;0m            [38;2;1;1;1m  [38;2;21;38;55m██[38;2;94;149;194m██[38;2;66;125;175m██[38;2;38;71;110m██[38;2;32;65;106m████[38;2;17;23;31m  [38;2;2;2;2m  [38;2;0;0;0m              [38;2;11;11;11m  [38;2;31;61;99m██[38;2;36;71;111m██[38;2;109;160;195m██[38;2;155;212;245m██[38;2;118;167;203m██[38;2;32;65;106m██[38;2;20;27;37m██[38;2;11;11;11m  [38;2;0;0;0m            [38;2;1;1;1m  [38;2;11;14;17m  [38;2;101;122;139m██[38;2;32;65;106m██[38;2;41;76;116m██[38;2;38;72;113m██[38;2;152;173;194m██[38;2;90;118;147m██[38;2;23;37;55m██[38;2;23;25;26m  [38;2;1;1;1m  [38;2;0;0;0m                            
[38;2;0;0;0m            [38;2;1;1;1m  [38;2;21;39;57m██[38;2;32;90;148m████[38;2;126;151;173m██[38;2;32;65;106m████[38;2;15;17;20m  [38;2;0;0;0m                [38;2;8;8;8m  [38;2;32;54;81m  [38;2;52;84;120m██[38;2;60;107;145m██[38;2;130;189;223m██[38;2;118;167;203m██[38;2;50;81;118m██[38;2;27;34;42m██[38;2;0;0;0m                [38;2;9;9;9m  [38;2;137;152;165m██[38;2;57;88;124m██[38;2;32;65;106m████[38;2;56;87;124m██[38;2;135;155;178m██[38;2;59;88;121m██[38;2;157;174;192m██[38;2;11;11;11m  [38;2;0;0;0m                            
[38;2;0;0;0m            [38;2;9;10;12m  [38;2;27;57;90m██[38;2;32;90;148m██[38;2;76;121;161m██[38;2;166;185;204m██[38;2;90;118;146m██[38;2;108;134;162m██[38;2;74;86;95m  [38;2;5;5;5m  [38;2;0;0;0m                [38;2;41;44;46m  [38;2;125;150;176m██[38;2;32;65;106m██[38;2;65;112;149m██[38;2;118;167;203m██[38;2;104;130;158m██[38;2;57;76;96m██[38;2;0;0;0m              [38;2;15;16;19m  [38;2;31;33;37m  [38;2;66;89;112m██[38;2;135;158;180m██[38;2;32;65;106m████[38;2;56;87;124m██[38;2;171;186;203m██[38;2;141;161;177m██[38;2;168;184;200m██[38;2;11;11;11m  [38;2;0;0;0m                            
[38;2;0;0;0m          [38;2;43;46;54m  [38;2;25;29;34m  [38;2;32;73;119m██[38;2;32;90;148m██[38;2;163;191;217m██[38;2;186;203;220m██[38;2;177;196;212m██[38;2;185;202;219m██[38;2;124;144;158m██[38;2;10;10;10m  [38;2;0;0;0m              [38;2;48;52;61m  [38;2;52;55;58m  [38;2;149;171;198m██[38;2;32;65;106m██[38;2;34;68;108m██[38;2;52;89;128m██[38;2;130;154;182m██[38;2;137;162;182m██[38;2;12;12;12m  [38;2;7;7;7m  [38;2;0;0;0m          [38;2;28;30;35m  [38;2;101;115;130m██[38;2;84;99;120m██[38;2;153;173;195m██[38;2;32;65;106m████[38;2;38;70;110m██[38;2;115;139;167m██[38;2;158;180;196m██[38;2;168;184;200m██[38;2;11;11;11m  [38;2;0;0;0m                            
[38;2;0;0;0m        [38;2;8;9;10m  [38;2;124;135;147m  [38;2;44;49;55m██[38;2;32;73;119m██[38;2;100;139;175m██[38;2;207;225;242m██[38;2;181;199;218m██[38;2;153;178;205m██[38;2;150;167;184m██[38;2;99;115;125m██[38;2;10;10;10m  [38;2;0;0;0m              [38;2;62;68;80m  [38;2;174;190;207m██[38;2;146;171;187m██[38;2;81;110;141m██[38;2;32;65;106m████[38;2;124;149;177m██[38;2;198;215;231m██[38;2;149;161;174m██[38;2;9;9;9m  [38;2;0;0;0m          [38;2;21;23;27m  [38;2;92;105;117m  [38;2;82;91;104m██[38;2;171;190;207m██[38;2;96;123;151m██[38;2;106;134;157m██[38;2;40;73;112m██[38;2;92;119;151m██[38;2;108;133;161m██[38;2;21;26;32m  [38;2;3;3;3m  [38;2;0;0;0m                            
[38;2;0;0;0m        [38;2;52;57;63m  [38;2;140;152;169m██[38;2;80;94;105m██[38;2;47;83;123m██[38;2;157;185;212m██[38;2;210;226;243m██[38;2;135;164;190m██[38;2;32;90;148m██[38;2;21;39;57m██[38;2;9;9;9m  [38;2;5;5;5m  [38;2;0;0;0m              [38;2;62;68;80m  [38;2;174;190;207m██[38;2;171;192;209m██[38;2;105;132;163m██[38;2;32;65;106m████[38;2;63;94;127m██[38;2;191;210;230m██[38;2;149;161;174m██[38;2;9;9;9m  [38;2;0;0;0m            [38;2;5;5;5m  [38;2;9;9;9m  [38;2;133;150;167m██[38;2;117;140;168m██[38;2;122;147;171m██[38;2;80;109;139m██[38;2;84;112;143m██[38;2;164;184;201m██[38;2;44;59;76m██[38;2;11;11;11m  [38;2;0;0;0m                            
[38;2;0;0;0m      [38;2;10;10;12m  [38;2;98;110;123m  [38;2;115;128;145m██[38;2;167;186;204m██[38;2;83;111;145m██[38;2;198;215;232m██[38;2;191;207;224m██[38;2;57;108;156m██[38;2;32;90;148m██[38;2;21;39;57m██[38;2;1;1;1m  [38;2;0;0;0m                [38;2;19;21;24m  [38;2;103;112;127m  [38;2;119;129;139m██[38;2;105;132;163m██[38;2;38;70;110m██[38;2;83;112;141m██[38;2;32;65;106m██[38;2;178;198;221m██[38;2;57;61;65m██[38;2;9;9;9m  [38;2;0;0;0m                [38;2;113;123;140m██[38;2;117;140;168m██[38;2;141;162;186m██[38;2;153;174;194m██[38;2;45;77;115m██[38;2;141;163;186m██[38;2;55;83;117m██[38;2;11;11;11m  [38;2;0;0;0m                            
[38;2;0;0;0m    [38;2;10;10;12m  [38;2;111;121;135m  [38;2;159;172;189m██[38;2;127;144;161m██[38;2;169;188;206m██[38;2;109;135;166m██[38;2;202;218;235m██[38;2;189;205;222m██[38;2;32;90;148m██[38;2;31;85;139m██[38;2;20;35;50m██[38;2;1;1;1m  [38;2;0;0;0m                  [38;2;8;8;9m  [38;2;95;101;108m██[38;2;105;132;163m██[38;2;46;78;117m██[38;2;159;181;205m██[38;2;32;65;106m██[38;2;178;198;221m██[38;2;27;51;80m██[38;2;9;9;9m  [38;2;0;0;0m                [38;2;113;123;140m██[38;2;117;140;168m██[38;2;141;162;186m██[38;2;181;198;216m██[38;2;98;125;152m██[38;2;129;151;177m██[38;2;69;98;132m██[38;2;26;47;73m  [38;2;7;7;7m  [38;2;0;0;0m                          
[38;2;0;0;0m    [38;2;62;68;80m  [38;2;135;146;158m██[38;2;128;144;160m██[38;2;183;197;214m██[38;2;125;150;173m██[38;2;212;228;245m██[38;2;189;205;222m██[38;2;174;193;210m██[38;2;26;62;97m██[38;2;18;38;57m  [38;2;10;10;10m  [38;2;1;1;1m  [38;2;0;0;0m                  [38;2;2;2;2m  [38;2;95;101;108m██[38;2;105;132;163m██[38;2;47;78;117m██[38;2;176;196;218m██[38;2;51;83;119m██[38;2;168;188;211m██[38;2;28;54;85m██[38;2;9;9;9m  [38;2;0;0;0m              [38;2;27;29;34m  [38;2;138;151;168m██[38;2;103;123;144m██[38;2;139;156;176m██[38;2;189;205;222m██[38;2;129;151;177m████[38;2;153;175;193m██[38;2;27;50;78m██[38;2;7;7;7m  [38;2;0;0;0m                          
[38;2;0;0;0m    [38;2;24;26;31m  [38;2;21;23;26m  [38;2;92;99;112m██[38;2;87;94;100m██[38;2;127;147;169m██[38;2;198;214;231m██[38;2;172;191;208m██[38;2;85;98;106m██[38;2;6;6;6m  [38;2;3;3;3m  [38;2;0;0;0m                      [38;2;2;2;2m  [38;2;95;101;108m██[38;2;105;132;163m██[38;2;97;125;152m██[38;2;206;223;240m██[38;2;96;122;152m██[38;2;153;173;195m██[38;2;79;101;120m██[38;2;9;9;9m  [38;2;0;0;0m              [38;2;92;107;119m  [38;2;171;186;203m██[38;2;101;116;129m██[38;2;159;175;190m██[38;2;173;187;202m██[38;2;59;68;78m██[38;2;106;124;140m██[38;2;171;188;205m██[38;2;17;26;37m  [38;2;3;3;3m  [38;2;0;0;0m                          
[38;2;0;0;0m      [38;2;2;2;3m  [38;2;9;10;12m  [38;2;2;2;2m  [38;2;35;37;40m  [38;2;41;44;46m  [38;2;37;40;43m  [38;2;10;11;11m  [38;2;0;0;0m                          [38;2;78;86;100m  [38;2;163;182;197m██[38;2;104;129;159m██[38;2;134;158;178m██[38;2;212;228;245m██[38;2;104;130;160m██[38;2;153;173;195m██[38;2;143;157;169m██[38;2;9;9;9m  [38;2;0;0;0m            [38;2;41;45;52m  [38;2;151;166;182m  [38;2;53;56;62m  [38;2;132;144;161m██[38;2;177;193;209m██[38;2;46;49;52m  [38;2;12;22;34m  [38;2;90;114;135m  [38;2;167;182;198m██[38;2;11;11;11m  [38;2;0;0;0m                            
[38;2;0;0;0m                                              [38;2;103;112;128m  [38;2;222;238;255m██[38;2;95;101;108m██[38;2;190;204;218m██[38;2;212;228;245m██[38;2;104;130;160m██[38;2;153;173;195m██[38;2;149;161;174m██[38;2;9;9;9m  [38;2;0;0;0m            [38;2;34;37;43m  [38;2;62;68;80m  [38;2;21;23;27m  [38;2;122;132;149m██[38;2;56;61;66m  [38;2;1;1;1m  [38;2;0;0;0m  [38;2;7;7;7m  [38;2;107;116;125m  [38;2;8;8;8m  [38;2;0;0;0m                            
[38;2;0;0;0m                                            [38;2;34;37;43m  [38;2;162;174;190m  [38;2;205;223;239m██[38;2;78;86;92m██[38;2;190;204;218m██[38;2;212;228;245m██[38;2;100;115;133m██[38;2;151;167;184m██[38;2;149;161;174m██[38;2;9;9;9m  [38;2;0;0;0m                [38;2;10;10;12m  [38;2;42;45;53m  [38;2;13;14;16m  [38;2;0;0;0m      [38;2;6;6;6m  [38;2;0;0;0m                              
[38;2;0;0;0m                                            [38;2;62;68;80m  [38;2;189;207;227m██[38;2;86;108;136m██[38;2;146;158;173m██[38;2;210;226;242m██[38;2;127;144;156m██[38;2;34;36;38m██[38;2;47;50;53m██[38;2;149;161;174m██[38;2;9;9;9m  [38;2;0;0;0m                                                            
[38;2;0;0;0m                                            [38;2;48;52;61m  [38;2;24;44;70m  [38;2;35;38;44m  [38;2;142;153;167m██[38;2;37;39;41m  [38;2;9;9;9m  [38;2;0;0;0m    [38;2;9;9;9m  [38;2;0;0;0m                                                              
[38;2;0;0;0m                                                [38;2;35;38;44m  [38;2;44;48;54m██[38;2;2;2;2m  [38;2;0;0;0m                                                                      [0m
