
[38;2;255;255;255m                                                                [38;2;222;233;226m  [38;2;210;226;214m  [38;2;169;204;173m  [38;2;83;150;94m██[38;2;94;156;104m  [38;2;217;234;219m  [38;2;207;224;213m  [38;2;244;248;245m  [38;2;255;255;255m                  
[38;2;255;255;255m                                                            [38;2;233;241;236m  [38;2;173;206;179m  [38;2;140;192;139m  [38;2;123;184;120m██[38;2;171;227;149m██[38;2;200;248;168m██[38;2;196;245;166m██[38;2;142;203;131m██[38;2;118;179;116m██[38;2;150;190;158m  [38;2;182;207;190m  [38;2;255;255;255m                
[38;2;255;255;255m                                                            [38;2;112;169;127m  [38;2;124;201;128m██[38;2;180;237;158m██[38;2;200;248;168m████████████[38;2;164;218;145m██[38;2;144;198;136m  [38;2;101;128;110m  [38;2;204;204;204m  [38;2;255;255;255m            
[38;2;255;255;255m                                                        [38;2;238;244;240m  [38;2;108;162;123m  [38;2;114;188;116m██[38;2;141;221;141m██[38;2;177;238;158m██[38;2;193;245;165m██[38;2;147;218;140m██[38;2;132;199;125m██[38;2;179;233;154m██[38;2;194;245;165m██[38;2;200;248;168m████[38;2;197;246;166m██[38;2;167;226;150m██[38;2;81;111;80m  [38;2;211;212;211m  [38;2;255;255;255m          
[38;2;255;255;255m                                                      [38;2;227;227;227m  [38;2;114;153;122m  [38;2;103;175;106m██[38;2;112;184;112m██[38;2;127;202;127m██[38;2;144;224;144m██[38;2;196;246;166m██[38;2;200;248;168m████[38;2;156;217;140m██[38;2;166;230;151m██[38;2;173;232;153m██[38;2;195;246;166m██[38;2;200;248;168m████[38;2;153;221;143m██[38;2;102;122;92m  [38;2;198;198;198m  [38;2;255;255;255m        
[38;2;255;255;255m                                                      [38;2;188;201;192m  [38;2;77;136;84m██[38;2;112;184;112m████[38;2;118;191;118m██[38;2;138;216;138m██[38;2;169;235;155m██[38;2;200;248;168m██████[38;2;190;240;161m██[38;2;173;232;153m██[38;2;153;216;139m██[38;2;200;248;168m████[38;2;177;231;153m██[38;2;160;221;146m██[38;2;121;139;109m  [38;2;198;198;198m  [38;2;255;255;255m      
[38;2;255;255;255m                                                    [38;2;242;246;243m  [38;2;85;150;101m  [38;2;105;177;108m██[38;2;81;149;96m██[38;2;80;146;95m██[38;2;105;171;105m██[38;2;110;181;111m██[38;2;141;219;140m██[38;2;169;235;155m██[38;2;198;247;167m██[38;2;200;248;168m██████[38;2;190;240;161m██[38;2;147;210;134m██[38;2;198;247;167m██[38;2;200;248;168m██[38;2;141;207;132m██[38;2;159;213;141m██[38;2;184;208;184m  [38;2;252;252;252m  [38;2;255;255;255m    
[38;2;255;255;255m                                                    [38;2;192;214;199m  [38;2;68;140;84m██[38;2;92;164;99m██[38;2;161;194;175m██[38;2;188;190;203m██[38;2;82;82;87m██[38;2;98;132;114m██[38;2;89;143;92m██[38;2;114;192;122m██[38;2;156;222;146m██[38;2;184;241;161m██[38;2;200;248;168m██████[38;2;185;240;160m██[38;2;165;228;150m██[38;2;200;248;168m██[38;2;190;242;163m██[38;2;138;216;138m██[38;2;65;96;65m██[38;2;218;218;218m  [38;2;255;255;255m    
[38;2;255;255;255m                                                    [38;2;85;146;103m  [38;2;112;184;112m████[38;2;89;161;98m██[38;2;127;168;147m██[38;2;187;210;201m██[38;2;225;227;243m██[38;2;134;140;147m██[38;2;68;106;95m██[38;2;58;94;62m██[38;2;96;165;104m██[38;2;170;235;155m██[38;2;186;242;162m██[38;2;200;248;168m██[38;2;191;241;162m██[38;2;164;226;148m██[38;2;191;244;164m██[38;2;163;228;149m██[38;2;124;199;124m██[38;2;65;96;65m██[38;2;218;218;218m  [38;2;255;255;255m    
[38;2;255;255;255m                                                    [38;2;87;148;105m  [38;2;137;215;137m██[38;2;123;198;123m██[38;2;112;184;112m██[38;2;51;123;74m██[38;2;71;136;92m██[38;2;186;203;204m██[38;2;220;222;240m██[38;2;169;179;194m██[38;2;183;115;104m██[38;2;186;126;99m██[38;2;76;113;76m██[38;2;151;227;147m██[38;2;157;230;150m██[38;2;200;248;168m██[38;2;163;223;146m██[38;2;145;218;140m██[38;2;140;218;140m██[38;2;124;199;124m██[38;2;65;96;65m██[38;2;218;218;218m  [38;2;255;255;255m    
[38;2;255;255;255m                                                    [38;2;87;149;106m  [38;2;144;224;144m██[38;2;131;207;131m██[38;2;76;148;90m██[38;2;166;187;188m██[38;2;205;215;223m██[38;2;229;230;246m██[38;2;223;225;242m██[38;2;189;156;164m██[38;2;120;58;50m██[38;2;205;98;79m██[38;2;185;186;188m██[38;2;68;99;73m██[38;2;114;187;119m██[38;2;138;217;138m██[38;2;122;199;125m██[38;2;130;207;131m██[38;2;139;218;139m██[38;2;85;150;92m██[38;2;173;194;180m  [38;2;255;255;255m      
[38;2;255;255;255m                                                    [38;2;87;149;106m  [38;2;144;224;144m████[38;2;119;193;119m██[38;2;68;132;91m██[38;2;169;192;189m██[38;2;225;227;243m██[38;2;232;232;248m██[38;2;217;220;238m██[38;2;194;154;161m██[38;2;204;160;159m██[38;2;188;195;213m██[38;2;134;140;155m██[38;2;59;116;80m██[38;2;116;189;116m██[38;2;92;166;103m██[38;2;104;179;112m██[38;2;120;190;120m██[38;2;90;114;90m  [38;2;206;206;206m  [38;2;255;255;255m      
[38;2;255;255;255m                                                    [38;2;192;215;199m  [38;2;98;174;109m██[38;2;144;224;144m██[38;2;119;193;119m██[38;2;61;128;84m██[38;2;105;154;126m████[38;2;180;193;210m██[38;2;215;218;234m██[38;2;218;221;239m██[38;2;209;214;233m██[38;2;201;206;226m██[38;2;198;205;221m██[38;2;64;83;75m██[38;2;102;174;106m██[38;2;79;151;91m██[38;2;106;178;108m██[38;2;72;94;72m  [38;2;210;210;210m  [38;2;255;255;255m        
[38;2;255;255;255m                                                    [38;2;240;240;240m  [38;2;78;106;80m  [38;2;121;197;123m██[38;2;113;185;113m██[38;2;116;194;123m██[38;2;48;120;72m████[38;2;53;112;75m██[38;2;76;88;92m██[38;2;172;182;200m██[38;2;190;198;216m██[38;2;171;181;200m██[38;2;100;107;117m  [38;2;56;56;56m  [38;2;47;108;66m██[38;2;45;106;65m██[38;2;56;79;62m  [38;2;226;226;226m  [38;2;255;255;255m          
[38;2;255;255;255m                                                      [38;2;188;201;192m  [38;2;77;136;84m██[38;2;112;184;112m██[38;2;121;197;124m██[38;2;68;142;87m██[38;2;48;120;72m████[38;2;36;80;50m██[38;2;105;114;129m██[38;2;154;170;193m██[38;2;68;83;91m██[38;2;101;114;105m  [38;2;234;234;234m  [38;2;108;108;108m    [38;2;210;210;210m  [38;2;255;255;255m            
[38;2;255;255;255m                                                      [38;2;227;227;227m  [38;2;104;119;104m  [38;2;98;160;98m██[38;2;115;188;115m██[38;2;132;199;127m██[38;2;77;144;90m██[38;2;48;120;72m██[38;2;36;80;50m██[38;2;105;114;129m██[38;2;164;175;193m██[38;2;26;48;33m██[38;2;41;98;60m██[38;2;91;101;95m  [38;2;255;255;255m                  
[38;2;255;255;255m                                                        [38;2;235;235;235m  [38;2;88;97;88m  [38;2;105;173;106m██[38;2;116;186;114m██[38;2;156;214;140m██[38;2;155;211;140m██[38;2;58;124;76m██[38;2;129;161;152m██[38;2;190;198;214m██[38;2;154;166;181m██[38;2;91;137;122m██[38;2;170;190;177m  [38;2;255;255;255m                  
[38;2;255;255;255m                                                            [38;2;95;106;98m  [38;2;103;163;115m  [38;2;85;142;88m██[38;2;109;160;105m██[38;2;147;189;128m██[38;2;123;175;131m██[38;2;212;220;229m██[38;2;232;232;248m████[38;2;134;172;154m██[38;2;225;229;236m  [38;2;255;255;255m                
[38;2;255;255;255m                                                              [38;2;152;167;157m  [38;2;32;70;45m██[38;2;105;112;118m██[38;2;125;140;140m██[38;2;199;212;217m██[38;2;232;232;248m████████[38;2;157;170;194m  [38;2;255;255;255m                
[38;2;255;255;255m                                                              [38;2;156;182;165m  [38;2;80;147;89m██[38;2;100;150;122m██[38;2;207;212;228m██[38;2;232;232;248m██████[38;2;215;219;235m██[38;2;159;136;143m██[38;2;173;183;204m  [38;2;202;209;222m  [38;2;255;255;255m              
[38;2;255;255;255m                                                            [38;2;244;248;245m  [38;2;141;183;152m  [38;2;97;169;103m██[38;2;121;186;124m██[38;2;181;198;201m██[38;2;211;215;231m██[38;2;223;225;241m██[38;2;232;232;248m██[38;2;210;215;231m██[38;2;231;150;136m██[38;2;127;72;67m██[38;2;152;125;119m  [38;2;231;215;213m  [38;2;253;252;252m  [38;2;255;255;255m          
[38;2;255;255;255m                                                            [38;2;207;224;213m  [38;2;78;150;90m██[38;2;112;184;112m██[38;2;71;112;71m██[38;2;101;140;106m██[38;2;178;197;198m██[38;2;194;201;217m██[38;2;214;217;233m██[38;2;202;208;224m██[38;2;217;108;93m██[38;2;227;89;65m██[38;2;236;116;92m██[38;2;155;90;83m██[38;2;245;242;242m  [38;2;255;255;255m          
[38;2;255;255;255m                                                            [38;2;107;162;122m  [38;2;101;173;105m██[38;2;81;153;93m██[38;2;173;178;174m  [38;2;138;165;144m  [38;2;110;170;121m██[38;2;183;198;205m██[38;2;192;200;216m████[38;2;217;108;93m██[38;2;224;80;56m██[38;2;235;113;89m██[38;2;159;102;95m██[38;2;245;242;242m  [38;2;255;255;255m          
[38;2;255;255;255m                                                          [38;2;231;239;233m  [38;2;70;142;86m██[38;2;107;179;109m██[38;2;70;96;72m  [38;2;240;240;240m  [38;2;201;189;187m  [38;2;58;50;45m██[38;2;104;161;105m██[38;2;118;185;120m██[38;2;113;180;117m██[38;2;197;102;69m██[38;2;225;83;59m██[38;2;183;89;75m██[38;2;209;194;193m  [38;2;254;254;254m  [38;2;255;255;255m          
[38;2;255;255;255m                                                        [38;2;212;227;217m  [38;2;96;158;110m  [38;2;112;184;112m██[38;2;77;136;84m██[38;2;188;201;192m  [38;2;255;255;255m  [38;2;203;188;188m  [38;2;105;56;50m██[38;2;112;148;117m██[38;2;87;159;97m██[38;2;103;130;80m██[38;2;199;86;58m██[38;2;225;112;90m██[38;2;186;135;127m  [38;2;229;222;222m  [38;2;255;255;255m            
[38;2;255;255;255m                                                      [38;2;216;229;220m  [38;2;106;165;118m  [38;2;106;178;108m██[38;2;103;175;106m██[38;2;114;153;122m  [38;2;227;227;227m  [38;2;255;255;255m  [38;2;203;188;188m  [38;2;184;80;65m██[38;2;143;136;156m██[38;2;137;169;161m██[38;2;184;121;104m██[38;2;224;80;56m██[38;2;177;126;119m  [38;2;227;219;219m  [38;2;255;255;255m              
[38;2;255;255;255m                                                  [38;2;245;249;246m  [38;2;235;245;235m  [38;2;134;201;135m  [38;2;135;213;136m██[38;2;118;192;118m██[38;2;90;143;90m  [38;2;139;145;141m  [38;2;255;255;255m    [38;2;247;245;245m  [38;2;178;170;185m  [38;2;177;183;202m██[38;2;192;200;216m██[38;2;165;140;146m██[38;2;131;78;75m██[38;2;239;234;234m  [38;2;255;255;255m                
[38;2;255;255;255m                                              [38;2;196;217;203m  [38;2;199;221;203m  [38;2;129;183;139m  [38;2;117;192;119m██[38;2;144;224;144m██[38;2;139;217;139m██[38;2;94;151;94m██[38;2;128;128;128m  [38;2;255;255;255m      [38;2;240;242;246m  [38;2;174;184;205m  [38;2;185;194;212m██[38;2;192;200;216m████[38;2;57;58;62m██[38;2;255;255;255m                  
[38;2;255;255;255m                                        [38;2;229;238;232m  [38;2;144;182;156m  [38;2;167;206;171m  [38;2;106;179;116m  [38;2;111;187;118m██[38;2;138;217;138m██[38;2;144;224;144m██[38;2;139;217;139m██[38;2;91;144;91m██[38;2;125;133;125m  [38;2;255;255;255m      [38;2;244;246;248m  [38;2;177;187;207m  [38;2;181;190;209m██[38;2;192;200;216m██████[38;2;103;111;128m██[38;2;156;156;156m  [38;2;255;255;255m                
[38;2;255;255;255m                                        [38;2;112;167;122m  [38;2;165;218;146m██[38;2;175;229;152m██[38;2;124;196;122m██[38;2;129;205;129m██[38;2;144;224;144m██[38;2;142;222;142m██[38;2;94;151;94m██[38;2;125;133;125m  [38;2;242;242;242m  [38;2;255;255;255m    [38;2;187;196;213m  [38;2;160;172;196m  [38;2;183;192;210m██[38;2;192;200;216m████████[38;2;143;157;185m██[38;2;71;71;71m  [38;2;255;255;255m                
[38;2;255;255;255m                                        [38;2;213;213;213m  [38;2;71;71;71m    [38;2;151;185;128m  [38;2;141;187;126m██[38;2;114;176;114m██[38;2;76;85;76m  [38;2;98;102;109m  [38;2;226;229;237m    [38;2;152;164;193m████[38;2;207;211;231m██[38;2;232;232;248m██[38;2;220;223;239m██[38;2;196;203;219m██[38;2;192;200;216m██████[38;2;173;186;207m██[38;2;121;133;153m██[38;2;126;126;126m  [38;2;255;255;255m              
[38;2;255;255;255m                                        [38;2;241;243;247m  [38;2;196;204;219m    [38;2;78;85;100m  [38;2;68;75;90m████[38;2;175;182;198m  [38;2;176;185;209m██████[38;2;232;232;248m████████[38;2;225;226;242m██[38;2;200;207;223m██[38;2;192;200;216m████████[38;2;117;132;159m██[38;2;111;115;121m  [38;2;221;221;221m  [38;2;255;255;255m            
[38;2;255;255;255m                                [38;2;248;249;251m  [38;2;167;178;200m      [38;2;175;184;206m  [38;2;200;205;226m██████████[38;2;202;207;228m██[38;2;232;232;248m████████████[38;2;228;229;245m██[38;2;200;206;222m██[38;2;192;200;216m██████████[38;2;152;168;194m██[38;2;94;102;115m██[38;2;181;181;181m  [38;2;255;255;255m            
[38;2;255;255;255m                        [38;2;241;243;247m  [38;2;235;238;243m  [38;2;204;210;224m  [38;2;154;166;193m  [38;2;159;171;197m  [38;2;224;225;242m██████[38;2;226;227;244m██[38;2;232;232;248m██████████████████████[38;2;228;229;245m██[38;2;197;204;220m██[38;2;192;200;216m████████████[38;2;176;186;206m██[38;2;139;154;182m██[38;2;70;74;81m  [38;2;238;238;238m  [38;2;255;255;255m          
[38;2;255;255;255m                    [38;2;244;245;248m  [38;2;206;212;225m  [38;2;180;188;210m  [38;2;168;178;204m██[38;2;193;199;221m██[38;2;232;232;248m██████████████████████████████[38;2;228;229;245m██[38;2;217;220;236m██[38;2;200;206;222m██[38;2;192;200;216m██████████████[38;2;177;187;207m██[38;2;143;159;187m██[38;2;60;65;73m██[38;2;237;237;237m  [38;2;255;255;255m          
[38;2;255;255;255m                  [38;2;195;202;218m  [38;2;180;189;210m  [38;2;192;198;220m██[38;2;220;222;239m██[38;2;232;232;248m████████████████████████████████[38;2;213;217;233m██[38;2;204;209;225m██[38;2;192;200;216m██████████████████[38;2;177;187;207m██[38;2;111;143;151m██[38;2;100;123;127m██[38;2;130;131;132m  [38;2;255;255;255m          
[38;2;255;255;255m              [38;2;252;252;253m  [38;2;197;204;219m  [38;2;202;207;227m  [38;2;220;222;239m██[38;2;232;232;248m██████████████████████████[38;2;228;229;245m██[38;2;225;226;243m██[38;2;222;223;241m██[38;2;195;202;219m██[38;2;198;205;221m██[38;2;193;201;217m██[38;2;192;200;216m██████[38;2;191;199;216m██[38;2;189;197;214m██[38;2;194;202;218m██[38;2;216;220;236m██[38;2;194;202;218m██[38;2;192;200;216m████[38;2;177;187;207m██[38;2;91;133;128m██[38;2;126;159;161m██[38;2;64;65;67m  [38;2;255;255;255m          
[38;2;255;255;255m            [38;2;252;252;253m  [38;2;195;203;218m  [38;2;193;199;220m██[38;2;232;232;248m████████████████████[38;2;223;224;240m██[38;2;208;212;232m██[38;2;200;205;226m████[38;2;196;202;222m██[38;2;176;187;208m██[38;2;169;180;205m██[38;2;159;170;197m██[38;2;161;173;197m██[38;2;192;200;216m██████████[38;2;170;181;202m██[38;2;169;180;203m██[38;2;214;217;233m██[38;2;208;213;229m██[38;2;215;218;234m██[38;2;198;205;221m██[38;2;192;200;216m██[38;2;170;181;203m██[38;2;91;133;128m██[38;2;126;159;161m██[38;2;64;65;67m  [38;2;255;255;255m          
[38;2;255;255;255m            [38;2;195;203;218m  [38;2;172;182;203m██[38;2;202;208;224m██[38;2;227;228;244m██[38;2;232;232;248m████████████[38;2;212;216;233m██[38;2;188;197;218m██[38;2;176;185;209m██[38;2;162;173;198m██[38;2;195;203;223m██[38;2;184;191;215m██████[38;2;202;207;228m██[38;2;232;232;248m██[38;2;231;231;247m██[38;2;214;217;233m██[38;2;202;208;224m██[38;2;192;200;216m██[38;2;158;170;194m██████[38;2;187;194;216m██[38;2;212;216;232m████[38;2;211;215;231m██[38;2;213;216;232m██[38;2;212;216;232m██[38;2;197;204;220m██[38;2;129;152;172m██[38;2;68;126;98m██[38;2;84;138;113m██[38;2;99;109;118m  [38;2;176;176;176m  [38;2;255;255;255m        
[38;2;255;255;255m          [38;2;195;202;218m  [38;2;175;185;206m  [38;2;192;200;216m████[38;2;199;206;222m██[38;2;208;213;229m██[38;2;232;232;248m████[38;2;227;228;244m██[38;2;201;207;223m██[38;2;171;181;204m██[38;2;150;163;190m██[38;2;213;217;235m██[38;2;208;212;231m████[38;2;232;232;248m████████████[38;2;202;208;225m██[38;2;152;164;193m██[38;2;147;160;189m██[38;2;143;157;185m██[38;2;208;212;231m██████[38;2;230;230;247m██[38;2;228;229;245m████[38;2;223;224;240m██[38;2;208;213;229m██[38;2;211;215;231m██[38;2;218;221;237m██[38;2;110;138;152m██[38;2;48;120;72m████[38;2;129;147;162m██[38;2;108;108;108m  [38;2;255;255;255m        
[38;2;255;255;255m        [38;2;206;212;225m  [38;2;167;178;201m██[38;2;192;200;216m████████████[38;2;164;171;184m██[38;2;151;158;170m██[38;2;118;122;131m██[38;2;168;168;179m██[38;2;224;226;242m██[38;2;223;225;241m██[38;2;228;229;245m██[38;2;232;232;248m██████████████[38;2;149;162;190m██[38;2;204;210;226m██[38;2;232;232;248m██████████████████████[38;2;177;189;211m██[38;2;48;120;72m██████[38;2;129;147;162m██[38;2;108;108;108m  [38;2;255;255;255m        
[38;2;255;255;255m      [38;2;246;247;249m  [38;2;181;191;209m  [38;2;179;188;208m██[38;2;192;200;216m████████[38;2;151;161;180m██[38;2;111;115;124m██[38;2;122;123;126m  [38;2;109;109;109m  [38;2;92;93;100m██[38;2;214;217;233m██[38;2;166;176;197m██[38;2;111;115;124m██[38;2;166;170;183m██[38;2;214;217;233m██[38;2;232;232;248m████████████[38;2;169;180;203m██[38;2;178;187;209m██[38;2;223;225;241m██[38;2;232;232;248m██████████████████[38;2;214;218;236m██[38;2;129;163;161m██[38;2;48;120;72m██████[38;2;129;147;162m██[38;2;108;108;108m  [38;2;255;255;255m        
[38;2;255;255;255m      [38;2;175;185;205m  [38;2;180;189;208m██[38;2;192;200;216m████[38;2;178;188;207m██[38;2;106;114;129m██[38;2;70;73;78m██[38;2;208;212;219m  [38;2;181;181;181m  [38;2;232;232;232m  [38;2;244;244;244m  [38;2;139;140;141m  [38;2;70;73;78m██[38;2;191;195;203m  [38;2;181;181;181m  [38;2;122;123;126m  [38;2;70;73;78m██[38;2;204;210;226m██[38;2;217;220;236m██[38;2;232;232;248m████[38;2;221;223;239m██[38;2;204;210;226m██[38;2;89;92;99m██[38;2;94;100;112m██[38;2;214;217;233m██[38;2;232;232;248m██████████████████[38;2;193;202;222m██[38;2;74;133;102m██[38;2;48;120;72m██████[38;2;129;147;162m██[38;2;108;108;108m  [38;2;255;255;255m        
[38;2;255;255;255m      [38;2;143;157;183m  [38;2;165;172;185m██[38;2;157;168;189m  [38;2;80;82;87m  [38;2;121;122;124m  [38;2;241;241;242m  [38;2;237;237;237m  [38;2;255;255;255m        [38;2;248;248;248m  [38;2;237;237;237m  [38;2;252;252;252m  [38;2;255;255;255m  [38;2;245;245;245m  [38;2;237;237;237m  [38;2;89;91;95m  [38;2;166;173;186m██[38;2;168;174;188m██[38;2;161;170;184m██[38;2;89;108;117m██[38;2;34;46;40m██[38;2;44;102;63m██[38;2;42;92;59m██[38;2;106;115;120m██[38;2;212;215;230m██[38;2;227;228;244m██[38;2;232;232;248m██████████[38;2;231;231;247m██[38;2;199;207;223m██[38;2;104;151;132m██[38;2;98;169;104m██[38;2;96;168;102m██[38;2;58;130;78m██[38;2;51;123;74m██[38;2;61;67;65m  [38;2;244;244;244m  [38;2;255;255;255m        
[38;2;255;255;255m      [38;2;172;180;195m  [38;2;108;108;108m  [38;2;198;198;198m  [38;2;255;255;255m                            [38;2;221;221;221m  [38;2;65;65;65m  [38;2;25;44;31m██[38;2;31;66;43m██[38;2;48;120;72m████████[38;2;37;86;53m██[38;2;102;112;116m██[38;2;179;188;209m██[38;2;217;220;236m██[38;2;227;228;244m██[38;2;232;232;248m████[38;2;215;219;237m██[38;2;198;206;223m██[38;2;103;151;131m██[38;2;94;166;101m██[38;2;112;184;112m██████[38;2;59;112;69m██[38;2;125;128;126m  [38;2;255;255;255m          
[38;2;255;255;255m                                          [38;2;213;213;213m  [38;2;70;89;76m  [38;2;28;56;38m██[38;2;36;81;51m██[38;2;48;120;72m████████[38;2;39;89;55m██[38;2;80;119;108m██[38;2;84;87;93m██[38;2;169;174;187m██[38;2;207;212;228m████[38;2;136;169;162m██[38;2;91;143;119m██[38;2;95;167;101m██[38;2;112;184;112m██████[38;2;85;136;85m██[38;2;129;138;129m  [38;2;248;248;248m  [38;2;255;255;255m          
[38;2;255;255;255m                                            [38;2;230;230;230m  [38;2;218;218;218m  [38;2;149;154;151m  [38;2;39;50;43m          [38;2;81;89;83m  [38;2;218;218;218m  [38;2;110;111;112m  [38;2;62;72;69m  [38;2;71;129;93m██[38;2;92;160;103m██[38;2;103;175;106m██[38;2;112;184;112m████[38;2;108;180;110m██[38;2;92;145;92m  [38;2;127;133;127m  [38;2;244;244;244m  [38;2;255;255;255m            
[38;2;255;255;255m                                                                  [38;2;230;230;230m  [38;2;87;106;87m  [38;2;82;132;82m██████[38;2;88;150;92m██[38;2;107;162;122m  [38;2;128;128;128m  [38;2;255;255;255m                
[38;2;255;255;255m                                                                    [38;2;213;213;213m  [38;2;145;145;145m      [38;2;153;171;159m  [38;2;233;241;236m  [38;2;255;255;255m                  [0m
