
[38;2;255;255;255m                                                                    [38;2;243;236;238m  [38;2;158;113;124m  [38;2;138;83;102m  [38;2;255;255;255m              [38;2;243;236;238m    [38;2;255;255;255m      
[38;2;255;255;255m                                                                  [38;2;245;240;241m  [38;2;162;123;132m  [38;2;148;132;128m██[38;2;174;180;192m  [38;2;230;234;241m  [38;2;236;238;242m  [38;2;255;255;255m        [38;2;249;249;251m  [38;2;176;161;168m  [38;2;162;123;132m  [38;2;245;240;241m  [38;2;255;255;255m    
[38;2;255;255;255m                                                                  [38;2;161;114;126m  [38;2;145;130;126m██[38;2;197;200;205m██[38;2;216;219;226m██[38;2;188;196;212m██[38;2;180;154;170m  [38;2;162;106;123m  [38;2;241;242;245m  [38;2;223;226;232m  [38;2;213;217;225m  [38;2;165;174;189m  [38;2;177;179;176m██[38;2;114;65;73m██[38;2;234;222;226m  [38;2;255;255;255m    
[38;2;255;255;255m                                            [38;2;239;241;243m  [38;2;235;237;241m  [38;2;255;255;255m                  [38;2;128;66;82m  [38;2;159;159;150m██[38;2;199;204;214m██[38;2;226;229;235m██[38;2;161;144;162m██[38;2;184;79;94m██[38;2;146;54;74m██[38;2;196;202;213m  [38;2;211;215;222m  [38;2;144;156;174m  [38;2;170;178;192m██[38;2;179;179;171m██[38;2;114;65;73m██[38;2;234;222;226m  [38;2;255;255;255m    
[38;2;255;255;255m                                          [38;2;228;231;235m  [38;2;171;180;193m  [38;2;101;109;122m  [38;2;255;255;255m            [38;2;242;243;245m  [38;2;197;203;212m  [38;2;237;239;242m  [38;2;169;126;137m  [38;2;142;123;120m██[38;2;189;194;201m██[38;2;209;214;230m██[38;2;176;127;145m██[38;2;190;70;98m██[38;2;140;47;75m██[38;2;216;223;237m██[38;2;209;213;220m██[38;2;233;234;237m██[38;2;145;149;150m██[38;2;106;95;84m██[38;2;148;106;115m  [38;2;242;235;237m  [38;2;255;255;255m    
[38;2;255;255;255m                                        [38;2;234;236;239m  [38;2;176;184;197m  [38;2;231;233;236m██[38;2;58;58;58m  [38;2;255;255;255m            [38;2;220;224;229m  [38;2;145;156;174m██[38;2;171;180;193m  [38;2;240;236;238m  [38;2;169;131;140m  [38;2;134;117;118m██[38;2;145;142;140m██[38;2;159;62;79m██[38;2;226;90;112m██[38;2;140;47;75m██[38;2;196;203;214m██[38;2;143;144;138m██[38;2;159;159;150m██[38;2;117;72;79m██[38;2;148;106;115m  [38;2;235;223;227m  [38;2;255;255;255m      
[38;2;255;255;255m                                        [38;2;214;218;225m  [38;2;175;184;196m██[38;2;200;205;215m██[38;2;53;54;55m  [38;2;255;255;255m            [38;2;214;218;225m  [38;2;164;175;193m██[38;2;79;83;90m██[38;2;237;237;237m  [38;2;247;242;244m  [38;2;169;126;137m  [38;2;127;64;81m  [38;2;158;61;79m██[38;2;221;88;110m██[38;2;139;47;74m██[38;2;124;106;103m  [38;2;128;66;82m    [38;2;226;210;215m  [38;2;242;235;237m  [38;2;255;255;255m        
[38;2;255;255;255m                                        [38;2;137;150;168m██[38;2;233;237;244m██[38;2;183;191;207m██[38;2;52;53;54m  [38;2;255;255;255m      [38;2;241;242;244m  [38;2;209;213;221m  [38;2;244;245;247m  [38;2;137;150;168m██[38;2;226;230;237m██[38;2;62;64;69m██[38;2;228;229;230m  [38;2;196;199;204m  [38;2;225;225;225m  [38;2;248;244;245m  [38;2;168;93;115m  [38;2;169;62;87m██[38;2;159;62;79m██[38;2;151;90;108m  [38;2;255;255;255m                
[38;2;255;255;255m                                        [38;2;137;150;168m██[38;2;233;237;244m██[38;2;183;191;207m██[38;2;52;53;54m  [38;2;224;227;232m  [38;2;139;143;148m  [38;2;234;234;234m  [38;2;209;213;221m  [38;2;146;157;174m██[38;2;176;184;196m  [38;2;193;200;210m██[38;2;202;208;220m██[38;2;52;54;59m██[38;2;162;130;143m  [38;2;85;92;105m██[38;2;157;157;157m  [38;2;249;246;247m  [38;2;184;133;142m  [38;2;221;135;132m██[38;2;248;121;119m██[38;2;134;63;84m  [38;2;216;193;200m  [38;2;255;255;255m              
[38;2;255;255;255m                                [38;2;246;247;248m  [38;2;139;151;170m  [38;2;201;207;216m  [38;2;166;175;189m  [38;2;222;225;230m██[38;2;233;237;244m██[38;2;183;191;207m██[38;2;96;96;86m  [38;2;168;169;164m  [38;2;83;84;86m██[38;2;216;216;216m  [38;2;209;213;221m  [38;2;182;189;200m██[38;2;147;102;121m██[38;2;232;234;238m██[38;2;174;182;198m██[38;2;116;75;93m██[38;2;154;141;158m██[38;2;103;108;118m██[38;2;157;157;157m  [38;2;245;238;240m  [38;2;159;99;90m██[38;2;248;177;136m██[38;2;172;73;87m██[38;2;218;95;101m██[38;2;187;93;104m  [38;2;223;204;210m  [38;2;255;255;255m            
[38;2;255;255;255m                                [38;2;243;244;245m  [38;2;148;157;167m██[38;2;188;195;205m██[38;2;112;127;150m██[38;2;218;200;206m██[38;2;207;191;203m██[38;2;209;211;228m██[38;2;145;147;142m██[38;2;227;231;240m██[38;2;79;82;88m██[38;2;127;62;74m██[38;2;136;88;105m██[38;2;164;176;196m██[38;2;216;224;240m██[38;2;196;204;220m██[38;2;168;176;192m████[38;2;138;126;142m██[38;2;115;104;107m  [38;2;255;255;255m  [38;2;252;244;247m  [38;2;225;143;142m  [38;2;211;131;117m██[38;2;234;114;119m██[38;2;246;123;122m██[38;2;229;99;107m██[38;2;86;36;41m██[38;2;238;236;237m  [38;2;255;255;255m          
[38;2;255;255;255m                                [38;2;240;240;239m  [38;2;115;115;109m██[38;2;248;248;248m██[38;2;143;121;140m██[38;2;179;73;86m██[38;2;152;58;76m██[38;2;186;167;186m██[38;2;196;204;220m██[38;2;168;174;187m██[38;2;105;89;87m██[38;2;227;169;154m██[38;2;204;164;161m██[38;2;164;176;196m██[38;2;216;224;240m██[38;2;133;109;126m██[38;2;90;95;103m██[38;2;129;108;124m██[38;2;177;76;90m██[38;2;184;105;117m  [38;2;231;217;221m  [38;2;255;255;255m  [38;2;247;225;231m  [38;2;171;94;117m  [38;2;218;173;135m██[38;2;198;119;124m██[38;2;205;100;114m██[38;2;179;73;86m██[38;2;159;150;151m  [38;2;255;255;255m          
[38;2;255;255;255m                      [38;2;240;197;209m  [38;2;180;113;133m  [38;2;248;244;245m  [38;2;255;255;255m    [38;2;235;235;235m  [38;2;76;76;76m██[38;2;200;170;179m██[38;2;197;93;103m██[38;2;206;79;104m██[38;2;157;95;113m██[38;2;174;173;190m██[38;2;188;196;212m██[38;2;133;138;148m██[38;2;98;52;59m██[38;2;166;92;102m██[38;2;207;147;144m██[38;2;134;82;105m██[38;2;150;97;118m██[38;2;200;87;93m██[38;2;172;78;78m██[38;2;197;86;91m██[38;2;245;110;111m██[38;2;233;103;106m██[38;2;180;100;113m  [38;2;241;232;235m  [38;2;255;255;255m  [38;2;182;139;152m  [38;2;197;106;108m██[38;2;218;100;105m██[38;2;248;124;121m██[38;2;248;112;112m██[38;2;163;80;80m  [38;2;146;146;146m  [38;2;255;255;255m        
[38;2;255;255;255m                    [38;2;242;215;223m  [38;2;220;94;114m  [38;2;158;61;79m██[38;2;245;238;240m  [38;2;255;255;255m    [38;2;236;226;229m  [38;2;189;157;167m  [38;2;135;53;75m██[38;2;218;93;103m██[38;2;165;61;92m██[38;2;146;114;134m██[38;2;168;176;192m██[38;2;145;152;165m██[38;2;102;98;109m██[38;2;136;47;73m██[38;2;150;55;78m██[38;2;171;72;86m██[38;2;229;101;105m██[38;2;238;106;108m██[38;2;247;111;112m██[38;2;242;106;112m██████[38;2;237;104;109m██[38;2;93;41;43m██[38;2;217;216;217m  [38;2;255;255;255m  [38;2;249;246;247m  [38;2;154;88;108m  [38;2;243;126;114m██[38;2;192;80;91m██[38;2;150;57;75m██[38;2;144;54;73m██[38;2;151;106;119m  [38;2;240;240;240m  [38;2;255;255;255m      
[38;2;255;255;255m                    [38;2;224;205;211m  [38;2;179;73;86m██[38;2;159;62;79m██[38;2;245;238;240m  [38;2;235;223;227m  [38;2;203;172;182m  [38;2;133;60;82m  [38;2;135;49;70m██[38;2;203;83;98m██[38;2;152;56;79m██[38;2;88;93;101m██[38;2;168;176;192m██[38;2;155;140;158m██[38;2;85;35;51m██[38;2;129;45;70m██[38;2;217;81;112m██[38;2;244;108;112m██[38;2;224;98;103m██[38;2;185;77;88m██[38;2;225;94;108m██[38;2;227;91;112m██[38;2;208;72;112m██████[38;2;156;54;84m██[38;2;57;19;30m██[38;2;183;155;163m  [38;2;255;255;255m    [38;2;191;153;165m  [38;2;188;141;106m██[38;2;197;93;106m██[38;2;248;140;134m██[38;2;236;107;109m██[38;2;104;42;51m██[38;2;157;157;157m  [38;2;255;255;255m      
[38;2;255;255;255m        [38;2;223;204;210m    [38;2;255;255;255m        [38;2;224;205;211m  [38;2;168;62;86m██[38;2;152;55;79m██[38;2;168;116;132m  [38;2;182;108;121m  [38;2;199;112;115m██[38;2;138;57;76m██[38;2;206;85;99m██[38;2;186;68;96m██[38;2;36;12;19m██[38;2;168;176;192m██[38;2;154;137;156m██[38;2;163;70;100m██[38;2;205;71;111m██[38;2;217;81;112m██[38;2;242;106;112m██[38;2;248;112;112m██[38;2;240;104;112m██[38;2;168;62;86m██[38;2;188;65;101m██[38;2;208;72;112m████████[38;2;128;44;69m██[38;2;107;37;58m██[38;2;174;65;97m  [38;2;197;163;174m  [38;2;255;255;255m    [38;2;89;53;49m██[38;2;240;200;142m██[38;2;248;196;163m██[38;2;175;77;89m██[38;2;104;42;51m██[38;2;157;157;157m  [38;2;255;255;255m      
[38;2;255;255;255m      [38;2;237;227;230m  [38;2;129;59;80m  [38;2;200;171;180m  [38;2;255;255;255m  [38;2;254;251;252m  [38;2;234;167;185m  [38;2;166;84;106m  [38;2;216;193;200m  [38;2;161;55;86m██[38;2;222;92;107m██[38;2;145;54;73m██[38;2;236;129;126m██[38;2;242;173;160m██[38;2;153;68;85m██[38;2;207;75;109m██[38;2;109;42;60m██[38;2;170;124;115m██[38;2;62;45;51m██[38;2;153;62;91m██[38;2;204;70;110m██[38;2;216;80;112m██[38;2;244;108;112m██[38;2;248;112;112m██[38;2;243;107;112m██[38;2;212;76;112m██[38;2;201;69;108m██[38;2;148;50;79m██[38;2;208;72;112m████████[38;2;132;45;71m██[38;2;131;52;72m██[38;2;236;102;112m██[38;2;204;94;102m  [38;2;201;165;174m  [38;2;253;251;252m  [38;2;57;54;33m██[38;2;199;161;113m██[38;2;195;87;108m██[38;2;227;148;143m██[38;2;221;102;103m██[38;2;173;85;96m  [38;2;231;215;219m  [38;2;255;255;255m    
[38;2;255;255;255m      [38;2;234;222;226m  [38;2;74;25;39m██[38;2;157;157;157m  [38;2;255;255;255m  [38;2;232;196;206m  [38;2;217;89;105m██[38;2;248;112;112m██[38;2;120;40;64m██[38;2;148;50;79m██[38;2;219;88;107m██[38;2;149;56;75m██[38;2;233;123;121m██[38;2;178;92;101m██[38;2;217;90;104m██[38;2;123;52;70m██[38;2;169;125;114m██[38;2;248;184;168m██[38;2;208;155;141m██[38;2;108;53;64m██[38;2;188;65;101m██[38;2;245;109;112m██[38;2;248;112;112m██[38;2;240;104;112m██[38;2;212;76;112m██[38;2;208;72;112m████[38;2;140;47;75m██[38;2;208;72;112m████████[38;2;185;63;99m██[38;2;164;112;97m██[38;2;237;150;119m██[38;2;248;112;112m██[38;2;194;79;94m██[38;2;230;208;214m  [38;2;102;75;83m  [38;2;199;92;109m██[38;2;239;116;115m██[38;2;248;161;150m██[38;2;248;156;146m██[38;2;240;104;112m██[38;2;120;56;71m  [38;2;255;255;255m    
[38;2;255;255;255m      [38;2;234;222;226m  [38;2;125;48;63m██[38;2;124;96;96m  [38;2;234;234;234m  [38;2;213;189;196m  [38;2;189;79;90m██[38;2;248;112;112m██[38;2;132;63;86m██[38;2;148;93;115m██[38;2;181;62;97m██[38;2;136;48;71m██[38;2;183;75;88m██[38;2;212;86;103m██[38;2;195;69;103m██[38;2;76;57;52m██[38;2;248;184;168m████[38;2;248;175;161m██[38;2;195;106;102m██[38;2;152;56;78m██[38;2;241;108;110m██[38;2;248;112;112m██[38;2;223;87;112m██[38;2;208;72;112m██████[38;2;140;47;75m██[38;2;161;55;86m████[38;2;193;67;104m██[38;2;208;72;112m████[38;2;154;52;82m██[38;2;228;211;131m██[38;2;248;163;124m██[38;2;238;102;112m██[38;2;193;129;143m  [38;2;224;205;211m  [38;2;179;136;101m██[38;2;248;205;134m██[38;2;245;119;117m██[38;2;226;111;128m██[38;2;215;79;112m██[38;2;52;31;37m  [38;2;255;255;255m    
[38;2;255;255;255m      [38;2;234;222;226m  [38;2;169;68;82m██[38;2;95;43;43m██[38;2;216;216;216m  [38;2;245;240;241m  [38;2;184;125;138m  [38;2;225;99;103m██[38;2;224;129;134m██[38;2;185;149;162m██[38;2;134;45;72m██[38;2;212;92;99m██[38;2;218;90;105m██[38;2;212;76;112m██[38;2;84;35;47m██[38;2;208;155;141m██[38;2;248;154;145m██[38;2;248;129;125m██[38;2;248;125;122m██[38;2;248;112;112m██[38;2;95;41;45m██[38;2;231;104;105m██[38;2;236;100;112m██[38;2;212;76;112m██[38;2;208;72;112m██[38;2;217;81;112m██[38;2;239;103;112m██[38;2;223;140;137m██[38;2;218;151;144m██[38;2;218;125;124m██[38;2;100;41;49m██[38;2;196;68;105m██[38;2;208;72;112m██[38;2;154;52;82m██[38;2;200;188;122m██[38;2;248;206;134m██[38;2;248;112;112m██[38;2;79;33;37m██[38;2;224;205;211m  [38;2;179;136;101m██[38;2;248;248;144m██[38;2;156;70;80m██[38;2;140;47;75m████[38;2;97;35;54m  [38;2;119;119;119m  [38;2;255;255;255m  
[38;2;255;255;255m      [38;2;212;203;203m  [38;2;150;88;106m██[38;2;192;93;103m██[38;2;95;50;52m  [38;2;224;205;211m  [38;2;184;125;138m  [38;2;203;86;95m██[38;2;223;120;124m██[38;2;200;127;127m██[38;2;131;40;56m██[38;2;237;105;108m██[38;2;227;91;112m██[38;2;154;52;82m██[38;2;203;129;128m██[38;2;218;95;101m████[38;2;158;58;81m██[38;2;140;47;75m████[38;2;147;54;75m██[38;2;150;57;75m██[38;2;138;50;71m██[38;2;180;65;94m██[38;2;220;85;113m██[38;2;248;146;138m██[38;2;248;175;161m██[38;2;248;167;155m██[38;2;235;106;106m██[38;2;191;86;86m██[38;2;92;38;44m██[38;2;196;68;105m██[38;2;208;72;112m██[38;2;137;47;73m██[38;2;186;177;117m██[38;2;240;240;141m██[38;2;248;175;127m██[38;2;101;46;46m██[38;2;231;217;221m  [38;2;224;167;184m  [38;2;161;59;83m██[38;2;240;174;161m██[38;2;248;184;168m████[38;2;229;114;112m██[38;2;78;78;78m  [38;2;255;255;255m  
[38;2;255;255;255m      [38;2;101;101;94m  [38;2;248;248;248m██[38;2;196;172;185m██[38;2;180;83;96m██[38;2;138;50;71m██[38;2;216;94;100m██[38;2;150;57;75m██[38;2;190;108;110m██[38;2;121;61;57m██[38;2;83;28;44m██[38;2;218;86;108m██[38;2;208;72;112m██[38;2;179;61;96m██[38;2;161;55;86m██████[38;2;197;68;106m██[38;2;208;72;112m██[38;2;164;57;88m██[38;2;127;54;60m██[38;2;185;77;88m████[38;2;221;118;118m██[38;2;248;146;138m██[38;2;248;151;142m██[38;2;248;130;126m██[38;2;160;72;72m██[38;2;125;54;58m██[38;2;96;33;52m██[38;2;174;60;93m██[38;2;208;72;112m██[38;2;192;66;103m██[38;2;123;42;66m██[38;2;184;174;116m██[38;2;215;215;133m██[38;2;248;175;127m██[38;2;248;112;112m██[38;2;109;75;85m  [38;2;193;156;167m  [38;2;209;90;97m██[38;2;248;153;144m██[38;2;248;184;168m████[38;2;236;117;116m██[38;2;126;71;87m  [38;2;226;209;214m  
[38;2;255;255;255m      [38;2;58;58;58m  [38;2;248;248;248m██[38;2;228;233;243m██[38;2;186;166;185m██[38;2;129;60;74m██[38;2;148;106;95m██[38;2;195;132;127m██[38;2;228;161;151m██[38;2;165;104;105m██[38;2;136;67;80m██[38;2;201;70;108m██[38;2;208;72;112m████[38;2;86;30;46m██[38;2;64;22;34m██████[38;2;83;29;45m██[38;2;146;50;78m██[38;2;144;50;78m██[38;2;135;48;70m██[38;2;224;118;118m██[38;2;248;145;138m██[38;2;248;132;128m██[38;2;195;88;88m██[38;2;76;34;34m██[38;2;128;46;68m██[38;2;159;55;85m██[38;2;208;72;112m██████[38;2;142;49;76m████[38;2;205;112;117m██[38;2;205;205;130m██[38;2;218;145;122m██[38;2;242;106;112m██[38;2;59;59;59m  [38;2;154;143;146m  [38;2;183;81;84m██[38;2;244;111;115m██[38;2;220;106;129m████[38;2;219;87;115m██[38;2;155;54;84m██[38;2;154;143;146m  
[38;2;255;255;255m      [38;2;146;146;136m  [38;2;234;234;233m██[38;2;228;233;243m██[38;2;199;191;207m██[38;2;170;123;96m██[38;2;237;237;140m██[38;2;160;156;111m██[38;2;155;139;113m██[38;2;231;171;157m██[38;2;241;176;162m██[38;2;124;51;70m██[38;2;54;34;34m██[38;2;31;16;19m██[38;2;138;35;35m██[38;2;201;103;103m██[38;2;229;229;229m██[38;2;225;226;228m██[38;2;212;170;180m██[38;2;227;93;110m██[38;2;214;78;112m██[38;2;199;73;103m██[38;2;180;76;88m██[38;2;228;103;106m██[38;2;149;56;76m██[38;2;35;14;18m██[38;2;103;36;56m██[38;2;204;71;110m██[38;2;208;72;112m██████[38;2;159;58;86m██[38;2;102;55;58m██[38;2;201;77;110m██[38;2;208;73;112m██[38;2;207;82;113m██[38;2;208;77;113m██[38;2;210;74;112m██[38;2;59;59;59m  [38;2;137;137;137m  [38;2;158;70;72m██[38;2;155;61;79m██[38;2;146;65;84m██[38;2;146;58;78m██[38;2;145;50;77m██[38;2;135;46;72m██[38;2;137;137;137m  
[38;2;255;255;255m      [38;2;232;232;229m  [38;2;148;149;141m██[38;2;224;228;237m██[38;2;147;86;98m██[38;2;231;231;137m██[38;2;193;193;122m██[38;2;235;235;139m██[38;2;228;228;145m██[38;2;175;157;144m██[38;2;193;153;137m██[38;2;183;113;116m██[38;2;248;184;168m██[38;2;124;80;80m██[38;2;84;28;43m██[38;2;219;117;128m██[38;2;248;248;248m██[38;2;221;185;204m██[38;2;248;112;112m██████[38;2;203;86;95m██[38;2;187;78;89m██[38;2;169;68;82m██[38;2;140;50;74m██[38;2;144;50;78m██[38;2;112;39;60m██[38;2;208;72;112m██████[38;2;153;53;82m██[38;2;100;93;63m██[38;2;200;200;128m██[38;2;203;152;122m██[38;2;208;80;113m██[38;2;208;72;112m████[38;2;182;63;98m██[38;2;59;59;59m  [38;2;137;137;137m  [38;2;117;47;57m██[38;2;242;120;118m██[38;2;248;184;168m██[38;2;248;140;134m██[38;2;222;88;110m██[38;2;121;41;65m██[38;2;159;144;149m  
[38;2;190;143;152m  [38;2;253;231;226m  [38;2;255;255;255m  [38;2;246;246;245m  [38;2;171;172;167m  [38;2;172;176;181m██[38;2;158;139;151m██[38;2;170;170;133m██[38;2;193;193;186m██[38;2;167;167;127m██[38;2;248;248;153m██[38;2;222;222;185m██[38;2;193;193;186m██[38;2;176;140;126m██[38;2;248;140;134m██[38;2;218;106;109m██[38;2;227;95;109m██[38;2;230;110;128m██[38;2;223;140;164m██[38;2;230;107;124m██[38;2;248;112;112m██████[38;2;199;83;95m██[38;2;172;63;89m██[38;2;218;95;101m██[38;2;54;23;26m██[38;2;144;50;78m██[38;2;112;39;60m██[38;2;208;72;112m██[38;2;178;62;96m██[38;2;80;28;43m██[38;2;110;94;68m██[38;2;194;194;124m██[38;2;200;200;128m████[38;2;207;92;114m██[38;2;208;72;112m████[38;2;140;47;75m██[38;2;96;47;62m  [38;2;127;77;92m  [38;2;194;85;90m██[38;2;248;157;147m██[38;2;248;184;168m██[38;2;248;140;134m██[38;2;245;109;112m██[38;2;198;68;106m██[38;2;173;94;117m  
[38;2;215;189;195m  [38;2;191;127;131m  [38;2;250;229;225m  [38;2;234;234;232m  [38;2;160;160;152m  [38;2;215;220;229m██[38;2;199;206;219m██[38;2;150;150;134m██[38;2;132;128;126m██[38;2;117;43;19m██[38;2;49;41;22m██[38;2;136;131;84m██[38;2;237;237;156m██[38;2;213;210;192m██[38;2;176;114;101m██[38;2;244;112;111m██[38;2;248;112;112m██[38;2;246;110;112m██[38;2;242;106;112m██[38;2;247;111;112m██[38;2;209;76;109m██[38;2;214;78;112m████[38;2;213;77;112m██[38;2;203;70;109m██[38;2;98;36;51m██[38;2;156;55;84m██[38;2;139;52;78m  [38;2;31;19;22m  [38;2;49;28;33m██[38;2;88;72;76m██[38;2;210;210;169m██[38;2;203;203;126m██[38;2;200;200;128m██████[38;2;207;92;114m██[38;2;206;71;111m██[38;2;165;56;88m██[38;2;206;177;118m██[38;2;184;81;85m██[38;2;117;51;54m██[38;2;236;106;107m██[38;2;248;122;120m██[38;2;248;123;121m██[38;2;246;114;115m██[38;2;218;82;112m██[38;2;208;75;112m██[38;2;106;41;58m██
[38;2;255;255;255m  [38;2;193;156;167m  [38;2;209;140;136m██[38;2;215;210;209m  [38;2;95;95;95m██[38;2;234;238;245m██[38;2;183;190;196m██[38;2;172;172;100m██[38;2;78;17;0m██[38;2;144;32;0m██[38;2;134;30;0m██[38;2;122;80;63m██[38;2;148;148;137m██[38;2;206;206;130m██[38;2;180;180;112m██[38;2;180;97;92m██[38;2;248;112;112m████████[38;2;164;62;83m██[38;2;181;62;97m██[38;2;155;54;84m██[38;2;144;50;78m████[38;2;55;19;30m██[38;2;117;44;66m  [38;2;133;133;133m  [38;2;174;174;165m  [38;2;215;215;211m██[38;2;248;248;248m██[38;2;248;248;200m██[38;2;225;225;136m██[38;2;201;201;128m██[38;2;200;200;128m██[38;2;202;176;125m██[38;2;205;85;113m██[38;2;162;55;87m██[38;2;133;67;75m██[38;2;213;200;126m██[38;2;248;112;112m██[38;2;134;60;60m██[38;2;172;78;78m██[38;2;212;92;98m██[38;2;209;90;97m██[38;2;192;73;97m██[38;2;183;63;98m██[38;2;206;111;117m██[38;2;92;92;59m██
[38;2;255;255;255m  [38;2;193;156;167m  [38;2;194;98;115m██[38;2;235;227;228m  [38;2;129;129;129m  [38;2;114;114;114m██[38;2;96;99;97m██[38;2;172;172;100m██[38;2;78;17;0m██[38;2;144;32;0m██[38;2;51;11;0m██[38;2;114;114;114m██[38;2;156;156;156m██[38;2;123;123;97m██[38;2;137;137;83m██[38;2;153;69;69m██[38;2;246;110;112m██[38;2;226;90;112m██[38;2;238;102;112m██[38;2;248;112;112m██[38;2;234;104;107m██[38;2;127;51;62m██[38;2;109;47;51m██[38;2;134;60;60m████[38;2;91;36;44m██[38;2;74;31;44m  [38;2;182;139;152m  [38;2;145;102;111m  [38;2;164;121;132m██[38;2;164;131;141m██[38;2;176;176;154m██[38;2;248;248;161m██[38;2;204;204;129m██[38;2;202;173;125m██[38;2;177;84;99m██[38;2;161;55;86m██[38;2;166;78;92m██[38;2;183;166;114m██[38;2;200;200;128m██[38;2;231;95;112m██[38;2;134;60;60m██[38;2;124;51;60m██[38;2;188;78;90m██[38;2;189;79;90m████[38;2;187;77;90m██[38;2;173;99;99m██[38;2;92;92;59m██
[38;2;255;255;255m  [38;2;193;156;167m  [38;2;181;62;97m██[38;2;251;241;244m  [38;2;232;232;232m  [38;2;196;196;196m  [38;2;200;200;192m  [38;2;172;172;100m██[38;2;78;17;0m██[38;2;144;32;0m██[38;2;0;0;0m██[38;2;26;26;26m██[38;2;18;18;18m██[38;2;111;111;87m██[38;2;123;123;79m██[38;2;134;50;69m██[38;2;217;81;112m██[38;2;208;72;112m██[38;2;213;77;112m██[38;2;241;105;112m██[38;2;248;112;112m██[38;2;134;60;60m██[38;2;104;39;52m██[38;2;150;57;75m████[38;2;192;80;91m██[38;2;218;95;101m██████[38;2;72;29;35m██[38;2;40;26;27m██[38;2;106;106;94m██[38;2;137;137;108m██[38;2;129;119;95m██[38;2;139;66;77m██[38;2;169;58;91m██[38;2;189;65;102m██[38;2;206;111;117m██[38;2;200;200;128m████[38;2;217;81;112m██[38;2;134;60;60m██[38;2;151;66;70m██[38;2;246;111;111m██[38;2;248;112;112m████[38;2;220;85;111m██[38;2;173;68;94m██[38;2;114;52;63m██
[38;2;248;244;245m  [38;2;185;132;148m  [38;2;173;59;93m██[38;2;250;240;243m  [38;2;255;255;255m    [38;2;138;138;118m  [38;2;182;174;100m██[38;2;75;17;0m██[38;2;51;11;0m██[38;2;33;7;0m██[38;2;18;4;0m██[38;2;0;0;0m██[38;2;111;111;87m██[38;2;123;123;79m██[38;2;128;44;69m██[38;2;208;72;112m██████[38;2;171;59;92m██[38;2;160;55;86m██[38;2;109;54;72m██[38;2;165;171;183m██[38;2;216;224;240m████[38;2;171;137;157m██[38;2;135;80;101m██[38;2;42;43;45m██[38;2;43;43;41m  [38;2;210;210;210m  [38;2;119;119;109m██[38;2;248;248;248m██[38;2;248;248;176m██[38;2;204;204;129m██[38;2;200;200;128m██[38;2;204;139;120m██[38;2;208;77;113m██[38;2;208;72;112m██[38;2;205;125;119m██[38;2;207;95;115m██[38;2;210;77;109m██[38;2;182;73;89m██[38;2;126;42;67m██[38;2;211;91;98m██[38;2;230;102;105m██[38;2;242;106;112m██[38;2;213;79;112m██[38;2;186;85;103m██[38;2;151;52;81m██
[38;2;224;205;211m  [38;2;161;55;86m██[38;2;147;50;79m██[38;2;245;238;240m  [38;2;255;255;255m  [38;2;212;212;208m  [38;2;174;174;124m  [38;2;150;131;82m██[38;2;72;16;0m██[38;2;147;35;18m██[38;2;172;41;24m██[38;2;123;29;13m██[38;2;20;5;0m██[38;2;111;111;87m██[38;2;123;123;79m██[38;2;128;44;69m██[38;2;208;72;112m██[38;2;178;62;96m██[38;2;112;39;60m██[38;2;103;88;99m██[38;2;100;103;111m██[38;2;153;159;170m██[38;2;216;224;240m██[38;2;218;226;241m██[38;2;231;235;244m████[38;2;226;230;238m██[38;2;167;170;168m  [38;2;217;217;213m  [38;2;255;255;255m  [38;2;132;132;131m  [38;2;212;212;208m██[38;2;248;248;209m██[38;2;221;221;139m██[38;2;200;200;128m████[38;2;207;92;114m██[38;2;208;72;112m██████[38;2;165;70;91m██[38;2;180;95;102m██[38;2;175;60;94m██[38;2;87;29;46m██[38;2;172;64;88m██[38;2;201;75;103m██[38;2;205;127;119m██[38;2;202;161;123m██[38;2;96;33;52m██
[38;2;238;210;219m  [38;2;165;56;89m██[38;2;193;146;160m  [38;2;252;250;250m  [38;2;255;255;255m  [38;2;223;223;176m  [38;2;148;148;103m██[38;2;66;33;30m██[38;2;181;57;37m██[38;2;230;81;51m██[38;2;204;51;51m██[38;2;195;48;44m██[38;2;57;14;11m██[38;2;111;111;87m██[38;2;151;151;102m██[38;2;156;72;92m██[38;2;197;68;106m██[38;2;80;53;65m██[38;2;116;122;133m██[38;2;167;175;190m██[38;2;196;202;216m██[38;2;238;241;246m████[38;2;240;242;246m██[38;2;248;248;248m████[38;2;113;113;113m  [38;2;223;223;219m  [38;2;255;255;255m    [38;2;204;204;202m  [38;2;132;132;129m██[38;2;248;248;248m██[38;2;241;241;150m██[38;2;200;200;128m████[38;2;207;92;114m██[38;2;208;72;112m████[38;2;161;55;86m██[38;2;181;162;113m██[38;2;204;141;121m██[38;2;208;72;112m██[38;2;48;17;26m██[38;2;198;68;106m██[38;2;160;55;86m██[38;2;192;177;120m██[38;2;202;161;123m██[38;2;96;33;52m██
[38;2;148;60;86m  [38;2;177;72;103m  [38;2;220;199;205m  [38;2;255;255;255m  [38;2;246;246;245m  [38;2;214;214;168m  [38;2;216;214;202m██[38;2;97;34;23m██[38;2;246;94;56m██[38;2;248;96;56m██[38;2;235;83;55m██[38;2;204;51;51m██[38;2;74;27;25m██[38;2;123;123;93m██[38;2;157;157;107m██[38;2;162;78;98m██[38;2;60;31;41m██[38;2;203;211;226m██[38;2;212;220;236m████[38;2;205;213;229m██[38;2;207;211;220m██[38;2;244;245;245m██[38;2;248;248;248m██[38;2;239;239;239m██[38;2;123;123;122m  [38;2;210;210;210m  [38;2;255;255;255m      [38;2;250;250;250m  [38;2;154;154;154m  [38;2;174;174;173m  [38;2;225;225;142m██[38;2;209;204;128m██[38;2;191;115;111m██[38;2;194;69;105m██[38;2;178;61;96m██[38;2;140;47;75m██[38;2;181;155;112m██[38;2;200;200;128m██[38;2;204;141;121m██[38;2;208;72;112m██[38;2;47;35;28m██[38;2;201;190;127m██[38;2;159;101;93m██[38;2;181;148;111m██[38;2;198;75;108m██[38;2;102;49;65m  
[38;2;140;47;75m██[38;2;230;156;178m  [38;2;255;255;255m    [38;2;182;182;178m  [38;2;159;159;103m██[38;2;197;186;168m██[38;2;212;60;52m██[38;2;240;88;55m██[38;2;248;96;56m██[38;2;225;72;53m██[38;2;186;60;58m██[38;2;148;120;92m██[38;2;196;188;125m██[38;2;162;120;100m██[38;2;115;54;67m██[38;2;33;20;25m██[38;2;173;178;182m██[38;2;203;208;215m██[38;2;228;233;243m████[38;2;200;207;220m██[38;2;185;188;188m██[38;2;244;244;243m██[38;2;177;177;173m██[38;2;182;182;178m  [38;2;255;255;255m            [38;2;123;123;116m  [38;2;149;109;95m██[38;2;145;126;98m██[38;2;151;102;89m██[38;2;153;60;83m██[38;2;171;58;92m██[38;2;208;72;112m██[38;2;204;133;120m██[38;2;200;200;128m██[38;2;204;141;121m██[38;2;208;72;112m██[38;2;82;48;47m██[38;2;200;200;128m██[38;2;205;121;118m██[38;2;140;47;75m██[38;2;144;50;78m██[38;2;137;137;137m  
[38;2;140;47;75m██[38;2;230;156;178m  [38;2;255;255;255m  [38;2;242;235;237m  [38;2;164;119;124m  [38;2;193;178;122m██[38;2;193;188;121m██[38;2;161;74;67m██[38;2;213;60;52m██[38;2;242;162;146m██[38;2;190;59;56m██[38;2;152;120;92m██[38;2;189;189;123m██[38;2;87;79;54m██[38;2;86;44;51m██[38;2;131;97;88m██[38;2;95;52;61m  [38;2;197;197;191m  [38;2;177;177;169m  [38;2;228;228;225m██[38;2;248;248;248m██[38;2;193;194;193m██[38;2;176;177;171m  [38;2;103;103;103m  [38;2;59;59;59m██[38;2;157;157;157m  [38;2;255;255;255m            [38;2;78;78;78m  [38;2;226;186;123m██[38;2;230;230;138m██[38;2;211;211;132m██[38;2;203;152;122m██[38;2;208;72;112m██████[38;2;205;121;118m██[38;2;206;99;115m██[38;2;171;58;92m██[38;2;173;141;106m██[38;2;202;170;124m██[38;2;207;91;114m██[38;2;130;44;70m██[38;2;104;67;78m  [38;2;210;210;210m  
[38;2;148;60;86m  [38;2;182;78;107m  [38;2;216;191;198m  [38;2;227;210;214m  [38;2;172;98;106m██[38;2;172;147;127m  [38;2;184;184;119m  [38;2;183;176;113m██[38;2;130;107;87m██[38;2;212;207;201m██[38;2;177;68;62m██[38;2;149;149;107m██[38;2;81;81;52m██[38;2;202;202;201m  [38;2;136;134;135m  [38;2;156;114;105m██[38;2;150;79;95m  [38;2;255;255;255m  [38;2;242;242;241m  [38;2;159;159;149m  [38;2;239;239;239m██[38;2;187;187;180m██[38;2;204;204;199m  [38;2;218;218;218m  [38;2;216;216;216m  [38;2;234;230;231m  [38;2;242;228;232m  [38;2;148;76;97m  [38;2;144;74;95m  [38;2;221;200;206m  [38;2;255;255;255m    [38;2;228;228;228m  [38;2;146;146;109m  [38;2;248;248;149m██[38;2;243;243;142m██[38;2;206;205;130m██[38;2;203;147;121m██[38;2;208;72;112m██████[38;2;201;69;108m██[38;2;83;29;45m██[38;2;194;86;107m██[38;2;207;84;114m██[38;2;204;70;110m██[38;2;77;47;56m  [38;2;228;228;228m  [38;2;255;255;255m  
[38;2;238;210;219m  [38;2;206;102;122m██[38;2;183;104;113m██[38;2;167;93;102m██[38;2;191;127;131m  [38;2;219;198;204m  [38;2;106;106;106m  [38;2;107;107;85m  [38;2;189;189;114m██[38;2;161;161;110m██[38;2;149;149;107m██[38;2;141;141;97m██[38;2;76;76;73m  [38;2;241;241;241m  [38;2;203;172;182m  [38;2;191;107;117m██[38;2;148;73;92m  [38;2;255;255;255m      [38;2;137;137;125m██[38;2;248;248;248m██[38;2;126;126;118m██[38;2;241;241;240m  [38;2;239;230;232m  [38;2;180;125;135m  [38;2;178;66;97m██[38;2;194;83;115m  [38;2;190;116;138m  [38;2;162;106;123m  [38;2;223;204;210m  [38;2;255;255;255m    [38;2;106;106;106m  [38;2;195;195;159m██[38;2;242;242;142m██[38;2;219;219;134m██[38;2;202;173;125m██[38;2;207;90;114m██[38;2;208;72;112m██[38;2;193;67;104m██[38;2;106;55;60m██[38;2;163;69;90m██[38;2;208;72;112m████[38;2;131;45;70m██[38;2;229;220;223m  [38;2;255;255;255m    
[38;2;241;232;235m  [38;2;178;109;130m  [38;2;173;91;104m██[38;2;181;114;120m  [38;2;217;194;201m  [38;2;255;255;255m    [38;2;219;219;219m  [38;2;163;163;159m  [38;2;131;131;92m  [38;2;92;92;59m██[38;2;113;113;95m  [38;2;219;219;219m  [38;2;255;255;255m  [38;2;231;217;221m  [38;2;202;104;133m  [38;2;144;61;86m  [38;2;255;255;255m      [38;2;169;169;163m  [38;2;114;114;114m██[38;2;35;35;35m██[38;2;224;218;220m  [38;2;185;131;140m  [38;2;183;111;115m██[38;2;191;148;158m  [38;2;212;186;194m  [38;2;255;255;255m    [38;2;207;179;187m  [38;2;255;255;255m    [38;2;237;237;237m  [38;2;120;120;107m  [38;2;140;140;93m██[38;2;214;214;132m██[38;2;226;226;137m██[38;2;216;143;123m██[38;2;172;59;92m██[38;2;99;50;56m██[38;2;150;150;96m██[38;2;203;159;123m██[38;2;208;77;113m██[38;2;165;57;89m██[38;2;121;97;104m  [38;2;237;237;237m  [38;2;255;255;255m    
[38;2;255;255;255m  [38;2;241;232;235m  [38;2;224;205;211m  [38;2;229;213;218m  [38;2;255;255;255m          [38;2;210;210;210m  [38;2;196;196;196m  [38;2;223;223;223m  [38;2;255;255;255m      [38;2;184;127;144m  [38;2;186;77;109m  [38;2;255;255;255m      [38;2;241;241;241m  [38;2;196;196;196m    [38;2;230;217;221m  [38;2;169;95;104m████[38;2;234;222;226m  [38;2;255;255;255m              [38;2;232;232;232m  [38;2;211;211;209m  [38;2;80;80;64m  [38;2;141;122;95m██[38;2;145;66;78m██[38;2;200;165;114m██[38;2;201;201;118m██[38;2;220;220;135m██[38;2;200;200;128m██[38;2;60;31;34m██[38;2;105;86;91m  [38;2;232;232;232m  [38;2;255;255;255m      
[38;2;255;255;255m                              [38;2;191;153;165m  [38;2;178;67;100m  [38;2;166;96;117m  [38;2;224;205;211m  [38;2;248;244;245m  [38;2;255;255;255m  [38;2;241;232;235m  [38;2;224;205;211m  [38;2;166;95;106m  [38;2;193;127;130m  [38;2;215;191;198m  [38;2;255;255;255m                          [38;2;166;166;156m  [38;2;59;59;59m      [38;2;240;240;240m  [38;2;255;255;255m          
[38;2;255;255;255m                                [38;2;192;151;163m  [38;2;165;56;89m██[38;2;161;55;86m██[38;2;217;144;165m  [38;2;233;171;189m  [38;2;200;117;142m  [38;2;161;55;86m██[38;2;186;116;122m  [38;2;210;184;192m  [38;2;255;255;255m                                                
[38;2;255;255;255m                                [38;2;252;250;250m  [38;2;222;192;201m  [38;2;190;119;140m  [38;2;147;50;79m██████[38;2;212;153;170m  [38;2;222;200;206m  [38;2;255;255;255m                                                  
[38;2;255;255;255m                                    [38;2;249;246;247m  [38;2;245;238;240m      [38;2;252;250;250m  [38;2;255;255;255m                                                    
[38;2;255;255;255m                                                                                                  
[38;2;255;255;255m                                                                                                  
[38;2;255;255;255m                                                                                                  
[38;2;255;255;255m                                                                                                  
[38;2;255;255;255m                                                                                                  [0m
