
[38;2;255;255;255m                                                                                                  
[38;2;255;255;255m                                                                                                  
[38;2;255;255;255m                                                                                                  
[38;2;255;255;255m                                                                                                  
[38;2;255;255;255m                                                                                                  
[38;2;255;255;255m      [38;2;166;161;173m  [38;2;192;182;187m    [38;2;245;244;244m  [38;2;235;232;234m  [38;2;192;182;187m    [38;2;255;255;255m                                                                              
[38;2;230;227;228m  [38;2;175;162;168m  [38;2;218;214;216m  [38;2;167;156;164m  [38;2;219;215;218m██[38;2;225;221;223m██[38;2;148;141;158m  [38;2;201;188;204m  [38;2;164;149;168m██[38;2;223;217;222m██[38;2;159;147;158m  [38;2;142;132;146m  [38;2;225;220;222m  [38;2;254;254;254m  [38;2;255;255;255m            [38;2;252;251;251m  [38;2;198;161;168m  [38;2;140;71;91m  [38;2;153;97;116m  [38;2;244;244;244m  [38;2;255;255;255m          [38;2;253;250;253m  [38;2;245;235;245m  [38;2;249;238;248m  [38;2;162;61;156m  [38;2;190;119;185m  [38;2;245;235;245m  [38;2;253;252;253m  [38;2;255;255;255m                        
[38;2;155;144;155m██[38;2;233;228;233m██[38;2;125;120;125m██[38;2;187;150;187m  [38;2;142;94;146m██[38;2;209;156;206m██[38;2;202;139;167m██[38;2;148;17;140m████[38;2;179;110;176m██[38;2;168;119;169m██[38;2;161;135;166m██[38;2;190;178;187m██[38;2;209;206;212m  [38;2;255;255;255m            [38;2;198;152;159m  [38;2;185;22;50m██[38;2;179;21;123m██[38;2;138;23;131m██[38;2;108;108;108m  [38;2;255;255;255m        [38;2;225;195;223m  [38;2;219;158;216m  [38;2;165;37;159m██[38;2;190;57;183m██[38;2;222;86;214m██[38;2;198;65;190m██[38;2;158;27;150m██[38;2;180;157;179m  [38;2;216;177;213m  [38;2;237;219;236m  [38;2;255;255;255m                    
[38;2;88;81;93m██[38;2;194;150;192m██[38;2;189;104;134m██[38;2;188;16;82m██[38;2;174;40;166m██[38;2;192;56;184m██[38;2;191;45;126m██[38;2;212;34;98m██[38;2;188;43;106m██[38;2;165;23;84m██[38;2;186;10;85m██[38;2;179;67;139m██[38;2;178;98;151m██[38;2;120;108;132m  [38;2;255;255;255m            [38;2;135;36;50m██[38;2;189;22;86m██[38;2;160;24;152m██[38;2;138;23;131m██[38;2;108;108;108m  [38;2;255;255;255m      [38;2;218;181;216m  [38;2;181;64;174m  [38;2;218;84;212m██[38;2;248;120;248m██[38;2;240;110;238m██[38;2;208;83;201m██[38;2;112;49;108m██[38;2;149;44;143m██[38;2;99;16;94m██[38;2;180;47;172m██[38;2;183;85;177m  [38;2;239;223;238m  [38;2;255;255;255m                  
[38;2;168;167;168m  [38;2;104;40;100m██[38;2;179;41;149m██[38;2;201;44;135m██[38;2;205;30;66m██[38;2;209;42;134m██[38;2;193;55;181m██[38;2;214;35;107m██[38;2;210;33;91m██[38;2;190;50;151m██[38;2;197;33;69m██[38;2;211;36;109m██[38;2;194;34;124m██[38;2;78;66;80m  [38;2;255;255;255m          [38;2;170;128;137m  [38;2;205;18;49m██[38;2;163;25;138m██[38;2;160;24;152m██[38;2;155;24;147m██[38;2;105;41;102m  [38;2;184;184;184m  [38;2;255;255;255m  [38;2;225;195;223m  [38;2;181;64;174m  [38;2;219;83;211m██[38;2;225;90;218m██[38;2;230;95;223m██[38;2;119;57;117m██[38;2;85;59;84m  [38;2;162;124;160m  [38;2;164;43;156m██[38;2;204;69;196m██[38;2;216;80;208m██[38;2;161;29;153m██[38;2;84;55;82m  [38;2;255;255;255m                  
[38;2;255;255;255m  [38;2;184;139;182m  [38;2;142;18;135m██[38;2;184;48;176m██[38;2;192;56;184m██[38;2;188;45;116m██[38;2;224;24;65m██[38;2;195;49;149m██[38;2;221;31;97m██[38;2;235;19;55m██[38;2;224;23;59m██[38;2;195;41;106m██[38;2;195;49;149m██[38;2;169;49;159m██[38;2;124;106;123m  [38;2;255;255;255m        [38;2;145;90;102m  [38;2;216;16;52m██[38;2;163;27;155m██[38;2;167;31;159m██[38;2;166;30;158m██[38;2;105;21;100m██[38;2;163;163;163m  [38;2;197;194;197m  [38;2;91;27;87m██[38;2;202;66;194m██[38;2;217;81;209m██[38;2;213;84;205m██[38;2;128;71;124m  [38;2;160;160;160m  [38;2;71;28;68m  [38;2;188;59;183m██[38;2;248;120;248m██[38;2;232;99;227m██[38;2;228;93;221m██[38;2;212;77;204m██[38;2;182;71;175m██[38;2;114;114;114m  [38;2;255;255;255m    [38;2;204;204;204m  [38;2;221;221;221m  [38;2;255;255;255m        
[38;2;255;255;255m  [38;2;196;196;196m  [38;2;104;53;101m  [38;2;158;26;150m██[38;2;183;47;175m██[38;2;192;56;184m██[38;2;192;55;178m██[38;2;206;32;79m██[38;2;218;34;106m██[38;2;192;56;184m████[38;2;206;44;142m██[38;2;198;39;102m██[38;2;184;42;122m██[38;2;153;72;148m  [38;2;213;213;213m  [38;2;255;255;255m    [38;2;219;202;206m  [38;2;178;55;67m  [38;2;185;42;120m██[38;2;183;47;175m██[38;2;192;56;184m██[38;2;189;53;181m██[38;2;139;31;133m██[38;2;121;97;119m  [38;2;86;30;82m  [38;2;150;16;142m██[38;2;169;33;161m██[38;2;177;41;169m██[38;2;128;71;124m  [38;2;135;135;135m  [38;2;122;79;120m  [38;2;176;49;168m██[38;2;229;95;223m██[38;2;244;114;242m██[38;2;244;116;243m██[38;2;173;62;169m██[38;2;160;89;155m  [38;2;140;124;139m  [38;2;255;255;255m    [38;2;214;174;212m  [38;2;112;50;108m  [38;2;97;61;95m  [38;2;213;213;213m  [38;2;255;255;255m      
[38;2;255;255;255m    [38;2;204;204;204m  [38;2;85;32;82m  [38;2;164;28;156m██[38;2;183;47;175m██[38;2;192;56;184m██[38;2;197;51;168m██[38;2;221;31;98m██[38;2;197;36;80m██[38;2;192;56;184m██████[38;2;186;38;73m██[38;2;124;41;119m██[38;2;163;163;163m  [38;2;255;255;255m    [38;2;178;139;148m  [38;2;217;15;25m██[38;2;192;56;184m████████[38;2;188;52;180m██[38;2;80;28;77m██[38;2;111;2;104m██[38;2;131;2;123m██[38;2;138;7;130m████[38;2;33;33;33m  [38;2;112;68;109m  [38;2;197;74;190m██[38;2;224;88;216m████[38;2;229;94;222m██[38;2;119;66;118m  [38;2;205;178;204m  [38;2;221;221;221m  [38;2;255;255;255m    [38;2;214;174;212m  [38;2;186;66;179m  [38;2;214;78;206m██[38;2;168;49;161m██[38;2;117;80;115m  [38;2;230;230;230m  [38;2;255;255;255m    
[38;2;255;255;255m      [38;2;211;210;211m  [38;2;92;42;89m  [38;2;150;23;142m██[38;2;164;28;156m██[38;2;187;51;179m██[38;2;192;52;175m██[38;2;193;54;172m██[38;2;235;19;55m████[38;2;201;32;68m██[38;2;191;53;167m██[38;2;131;40;126m██[38;2;158;138;156m  [38;2;229;201;227m  [38;2;150;31;143m  [38;2;150;29;142m  [38;2;153;20;132m██[38;2;151;23;145m██[38;2;172;40;165m██[38;2;187;52;179m██[38;2;182;47;174m██[38;2;186;51;178m██[38;2;169;39;161m██[38;2;52;16;50m██[38;2;128;0;120m██[38;2;82;7;77m██[38;2;29;14;28m██[38;2;161;157;161m  [38;2;91;18;86m██[38;2;180;44;172m██[38;2;217;81;209m██[38;2;214;82;204m██[38;2;108;47;97m██[38;2;115;33;47m  [38;2;144;52;65m  [38;2;184;141;148m  [38;2;247;247;247m  [38;2;250;246;250m  [38;2;215;142;211m  [38;2;214;78;206m██[38;2;224;88;216m██[38;2;222;86;214m██[38;2;96;44;93m██[38;2;188;187;188m  [38;2;241;228;241m  [38;2;255;255;255m  
[38;2;255;255;255m        [38;2;198;198;198m  [38;2;150;102;147m  [38;2;119;32;114m  [38;2;151;18;143m██[38;2;171;35;163m██[38;2;180;44;172m██[38;2;192;56;184m██████[38;2;169;36;161m██[38;2;170;39;163m██[38;2;174;46;169m██[38;2;177;49;172m██[38;2;224;93;221m██[38;2;248;120;248m██████[38;2;241;111;239m██[38;2;186;54;179m██[38;2;165;34;157m██[38;2;166;34;158m██[38;2;167;34;159m██[38;2;48;18;46m██[38;2;128;0;120m████[38;2;75;8;71m████[38;2;128;0;120m██[38;2;142;10;134m██[38;2;174;42;164m██[38;2;162;41;99m██[38;2;164;28;41m██[38;2;206;16;64m██[38;2;217;15;55m██[38;2;112;17;20m██[38;2;200;200;200m  [38;2;231;201;230m  [38;2;186;52;178m██[38;2;224;88;216m████[38;2;193;77;186m██[38;2;65;33;63m██[38;2;86;36;83m██[38;2;139;50;133m  [38;2;213;213;213m  
[38;2;255;255;255m            [38;2;181;177;180m  [38;2;165;115;162m  [38;2;108;14;103m██[38;2;155;21;147m██[38;2;172;36;164m██[38;2;163;29;155m██[38;2;153;22;145m██[38;2;194;130;191m██[38;2;220;104;218m██[38;2;248;120;248m██[38;2;247;118;246m██[38;2;233;100;228m████[38;2;218;85;213m██[38;2;214;81;209m████[38;2;207;72;200m██[38;2;204;68;196m██[38;2;198;63;190m██[38;2;187;54;179m██[38;2;99;14;93m██[38;2;80;7;76m██[38;2;128;0;120m████████[38;2;142;10;134m██[38;2;142;30;87m██[38;2;195;19;58m██[38;2;194;18;100m██[38;2;165;23;144m██[38;2;136;23;113m██[38;2;125;98;99m  [38;2;234;234;234m  [38;2;185;93;179m  [38;2;217;81;209m██[38;2;224;88;216m████[38;2;144;60;139m██[38;2;58;10;55m██[38;2;195;69;188m██[38;2;133;19;126m██[38;2;125;86;122m  
[38;2;255;255;255m              [38;2;244;244;244m  [38;2;228;217;227m  [38;2;94;65;92m  [38;2;172;39;165m██[38;2;206;125;201m██[38;2;228;147;226m██[38;2;246;135;246m██[38;2;248;123;248m██[38;2;237;105;233m██[38;2;226;91;219m██[38;2;199;63;191m██[38;2;197;61;189m██[38;2;193;57;185m██[38;2;192;56;184m████████[38;2;194;58;186m██[38;2;197;61;189m██[38;2;183;50;175m██[38;2;129;40;123m██[38;2;86;8;81m██[38;2;119;1;112m██[38;2;42;13;39m██[38;2;80;23;48m██[38;2;196;18;52m██[38;2;214;15;49m██[38;2;168;22;139m██[38;2;160;24;152m██[38;2;144;24;137m  [38;2;106;92;105m  [38;2;238;238;238m  [38;2;106;98;106m  [38;2;213;78;205m██[38;2;224;88;216m████[38;2;187;77;181m  [38;2;83;29;80m  [38;2;171;47;164m██[38;2;219;83;211m██[38;2;197;62;189m██[38;2;112;49;108m██
[38;2;255;255;255m                [38;2;245;222;243m  [38;2;213;131;209m  [38;2;245;168;245m██[38;2;245;165;245m██[38;2;248;120;248m████[38;2;248;124;248m██[38;2;248;130;248m██[38;2;233;110;228m██[38;2;214;78;206m██[38;2;192;56;184m████████████████████[38;2;126;41;121m██[38;2;70;28;68m██[38;2;130;16;87m██[38;2;185;22;50m██[38;2;179;21;123m██[38;2;160;24;152m██████[38;2;57;36;55m  [38;2;255;255;255m  [38;2;215;215;215m  [38;2;163;63;157m  [38;2;224;88;216m████[38;2;204;69;196m██[38;2;117;101;116m  [38;2;193;119;189m  [38;2;198;65;190m██[38;2;224;88;216m████[38;2;112;49;108m██
[38;2;255;255;255m              [38;2;245;222;243m  [38;2;219;152;215m  [38;2;235;220;234m██[38;2;245;163;245m██[38;2;248;120;248m██[38;2;239;108;236m██[38;2;247;121;247m██[38;2;248;143;248m██[38;2;248;152;248m██[38;2;246;134;246m██[38;2;214;78;206m██[38;2;192;56;184m████[38;2;199;64;192m██[38;2;214;110;211m██[38;2;205;134;201m██[38;2;208;127;204m██[38;2;211;77;205m██[38;2;192;56;184m████████[38;2;159;49;131m██[38;2;189;21;47m██[38;2;182;20;118m██[38;2;160;24;152m██████[38;2;112;21;107m██[38;2;144;134;143m  [38;2;215;215;215m  [38;2;99;62;97m  [38;2;190;69;183m██[38;2;224;88;216m████[38;2;116;33;111m██[38;2;176;98;172m  [38;2;197;63;189m██[38;2;224;88;216m████[38;2;208;73;200m██[38;2;157;97;154m  
[38;2;255;255;255m            [38;2;251;243;251m  [38;2;215;103;210m  [38;2;238;178;237m██[38;2;245;169;245m██[38;2;248;120;248m██[38;2;239;109;237m██[38;2;226;90;218m██[38;2;232;100;227m██[38;2;248;127;248m████[38;2;230;98;225m██[38;2;197;61;189m██[38;2;192;56;184m██[38;2;225;94;222m██[38;2;228;194;226m██[38;2;228;204;228m██[38;2;222;209;222m██[38;2;217;197;217m██[38;2;218;176;218m██[38;2;226;129;224m██[38;2;199;64;192m██[38;2;192;56;184m████[38;2;173;39;76m██[38;2;195;40;147m██[38;2;160;24;152m████████[38;2;71;19;68m██[38;2;63;63;63m  [38;2;81;50;79m  [38;2;143;25;135m██[38;2;213;78;205m██[38;2;224;88;216m██[38;2;190;57;182m██[38;2;185;145;182m  [38;2;148;29;141m  [38;2;224;88;216m██████[38;2;168;65;162m██[38;2;157;143;156m  
[38;2;255;255;255m            [38;2;225;201;212m  [38;2;208;72;181m██[38;2;248;120;248m████[38;2;236;105;233m██[38;2;205;69;197m██[38;2;209;73;201m██[38;2;217;81;209m██████[38;2;196;60;188m██[38;2;209;84;203m██[38;2;243;197;243m██[38;2;240;240;240m██[38;2;225;214;225m██[38;2;228;221;228m██[38;2;230;224;230m██[38;2;217;202;217m██[38;2;216;200;216m████[38;2;239;127;238m██[38;2;192;56;184m██[38;2;222;30;94m██[38;2;205;45;145m██[38;2;167;31;159m██[38;2;164;28;156m██[38;2;160;24;152m████[38;2;105;21;100m██[38;2;85;6;80m██[38;2;128;0;120m██████[38;2;166;33;158m██[38;2;157;52;151m██[38;2;102;46;99m██[38;2;76;7;71m██[38;2;209;76;201m██[38;2;224;88;216m████[38;2;215;82;207m██[38;2;149;81;145m  [38;2;255;255;255m  
[38;2;255;255;255m          [38;2;208;205;212m  [38;2;130;59;74m  [38;2;224;51;96m██[38;2;248;120;248m██[38;2;239;109;237m██[38;2;205;69;197m██[38;2;192;56;184m██████████[38;2;194;58;186m██[38;2;225;133;222m██[38;2;240;240;240m████[38;2;228;221;228m██[38;2;228;220;228m██[38;2;220;207;220m██[38;2;216;200;216m██████[38;2;239;127;238m██[38;2;192;56;184m██[38;2;208;42;135m██[38;2;219;33;103m██[38;2;192;56;184m██[38;2;184;48;176m██[38;2;175;39;167m████[38;2;145;37;139m██[38;2;132;22;87m██[38;2;132;2;114m██[38;2;128;0;120m██████[38;2;68;9;64m██████[38;2;162;35;155m██[38;2;215;79;207m██[38;2;224;88;216m██[38;2;143;65;138m  [38;2;166;166;166m  [38;2;255;255;255m  
[38;2;255;255;255m          [38;2;152;147;162m  [38;2;68;31;39m██[38;2;248;42;87m██[38;2;239;108;236m██[38;2;209;73;201m██[38;2;192;56;184m████████████[38;2;195;65;187m██[38;2;225;187;225m██[38;2;223;212;223m████[38;2;218;203;218m██[38;2;220;207;220m██[38;2;216;200;216m██████[38;2;230;166;230m██[38;2;212;85;207m██[38;2;192;56;184m████[38;2;205;45;144m██[38;2;222;30;95m██[38;2;192;56;184m████████[38;2;187;41;95m██[38;2;137;5;108m██[38;2;128;0;120m████████████[38;2;131;3;123m██[38;2;151;21;143m██[38;2;110;34;105m██[38;2;172;165;171m  [38;2;255;255;255m    
[38;2;255;255;255m        [38;2;196;193;201m  [38;2;147;58;72m  [38;2;58;26;36m██[38;2;241;106;227m██[38;2;231;98;226m██[38;2;198;62;190m██[38;2;192;56;184m████████████[38;2;195;61;188m██[38;2;232;138;231m██[38;2;218;194;218m██[38;2;216;200;216m██[38;2;217;197;217m██[38;2;221;188;221m██[38;2;215;181;214m██[38;2;216;168;215m██[38;2;220;97;217m██[38;2;201;69;194m██[38;2;234;119;232m██[38;2;226;112;223m██[38;2;194;66;186m██[38;2;192;56;184m██[38;2;228;24;70m██[38;2;191;54;172m██[38;2;188;65;180m██[38;2;184;66;176m██[38;2;113;93;108m██[38;2;109;26;33m██[38;2;80;44;60m  [38;2;111;2;104m██[38;2;120;1;113m██[38;2;128;0;120m████████[38;2;125;0;118m██[38;2;92;21;87m  [38;2;169;165;169m  [38;2;252;252;252m  [38;2;255;255;255m    
[38;2;255;255;255m        [38;2;191;188;197m  [38;2;155;90;106m██[38;2;109;35;45m██[38;2;217;53;149m██[38;2;207;71;199m██[38;2;192;56;184m████████████████[38;2;203;68;196m██[38;2;216;122;213m██[38;2;207;145;204m██[38;2;211;133;208m██[38;2;226;95;223m██[38;2;203;68;196m██[38;2;192;56;184m████[38;2;219;114;216m██[38;2;219;192;219m██[38;2;216;200;216m██[38;2;203;122;199m██[38;2;192;56;184m██[38;2;190;50;151m██[38;2;188;43;106m██[38;2;181;128;175m██[38;2;158;51;152m██[38;2;127;121;127m  [38;2;108;108;108m  [38;2;221;221;221m  [38;2;108;108;108m  [38;2;96;53;93m  [38;2;118;1;111m██[38;2;128;0;120m████[38;2;98;4;92m██[38;2;88;22;84m  [38;2;164;164;164m  [38;2;255;255;255m        
[38;2;255;255;255m        [38;2;230;229;233m  [38;2;182;171;181m  [38;2;211;150;154m██[38;2;213;43;88m██[38;2;207;71;199m██[38;2;192;56;184m████████[38;2;191;54;170m██[38;2;202;36;90m██[38;2;226;26;81m██[38;2;223;28;82m██[38;2;189;46;123m██[38;2;192;56;184m██████████████[38;2;198;90;192m██[38;2;214;186;213m██[38;2;211;173;210m██[38;2;196;82;190m██[38;2;192;56;184m██[38;2;190;50;151m██[38;2;188;43;106m██[38;2;209;156;206m██[38;2;142;36;136m██[38;2;108;108;108m  [38;2;255;255;255m      [38;2;206;206;206m  [38;2;196;158;194m  [38;2;59;10;56m████[38;2;131;116;130m  [38;2;177;177;177m  [38;2;255;255;255m          
[38;2;255;255;255m          [38;2;166;161;173m  [38;2;214;210;214m  [38;2;220;161;170m██[38;2;218;44;70m██[38;2;202;49;147m██[38;2;196;52;171m██████[38;2;198;21;51m██[38;2;117;72;29m██[38;2;134;79;28m██[38;2;202;129;40m██[38;2;151;31;49m██[38;2;211;36;113m██[38;2;193;55;181m██[38;2;192;56;184m████████████[38;2;195;75;188m██[38;2;195;71;187m██[38;2;192;56;184m████[38;2;185;47;147m██[38;2;171;77;94m██[38;2;189;168;187m██[38;2;92;75;92m  [38;2;232;232;232m  [38;2;255;255;255m          [38;2;218;218;218m    [38;2;244;244;244m  [38;2;255;255;255m            
[38;2;255;255;255m            [38;2;198;190;194m  [38;2;235;231;235m██[38;2;240;240;240m██[38;2;210;129;133m██[38;2;238;67;78m████[38;2;225;53;62m██[38;2;130;36;47m██[38;2;73;25;31m██[38;2;140;101;40m██[38;2;96;49;41m██[38;2;81;27;33m██[38;2;175;27;38m██[38;2;214;35;107m██[38;2;209;41;132m████████[38;2;202;44;135m██[38;2;191;53;167m██[38;2;192;56;184m██████[38;2;200;64;192m██[38;2;148;27;132m██[38;2;134;81;112m██[38;2;110;106;110m  [38;2;242;242;242m  [38;2;255;255;255m                              
[38;2;255;255;255m            [38;2;254;253;254m  [38;2;234;226;234m  [38;2;234;230;234m██[38;2;240;240;240m██[38;2;226;217;226m██[38;2;216;200;216m██[38;2;196;180;193m██[38;2;197;112;124m██[38;2;154;29;36m██[38;2;106;25;29m██[38;2;112;25;30m██[38;2;168;50;60m██[38;2;170;108;120m██[38;2;224;114;126m██[38;2;231;111;124m████████[38;2;206;102;113m██[38;2;156;63;108m██[38;2;171;40;159m██[38;2;180;44;172m██[38;2;201;65;193m██[38;2;221;85;213m██[38;2;214;79;206m██[38;2;156;51;150m██[38;2;169;98;164m  [38;2;131;126;131m  [38;2;126;126;126m    [38;2;131;126;131m  [38;2;208;160;205m  [38;2;255;255;255m                      
[38;2;255;255;255m              [38;2;252;251;252m  [38;2;180;175;186m  [38;2;161;150;159m██[38;2;239;238;239m██[38;2;226;217;226m██[38;2;216;200;216m██[38;2;215;194;210m██[38;2;209;161;175m██████[38;2;206;169;183m██[38;2;209;193;208m██[38;2;216;200;216m██████████[38;2;210;194;210m██[38;2;180;92;104m██[38;2;153;25;127m██[38;2;52;20;50m██[38;2;133;46;128m██[38;2;218;82;210m██[38;2;224;88;216m████[38;2;209;74;201m██[38;2;192;90;191m██[38;2;183;81;179m████[38;2;192;90;191m██[38;2;188;65;181m  [38;2;111;65;108m  [38;2;71;71;71m  [38;2;255;255;255m                  
[38;2;255;255;255m                    [38;2;138;130;146m  [38;2;182;175;178m  [38;2;188;188;188m██[38;2;188;186;189m██[38;2;198;183;200m██[38;2;216;200;216m██████████████████[38;2;213;185;200m██[38;2;190;81;108m██[38;2;160;25;136m██[38;2;93;20;88m██[38;2;76;19;72m██[38;2;196;67;188m██[38;2;224;88;216m██████[38;2;231;97;225m██[38;2;237;106;234m██[38;2;241;95;206m██[38;2;232;73;174m██[38;2;230;70;170m██[38;2;227;79;195m██[38;2;224;88;216m██[38;2;130;23;124m██[38;2;139;108;137m  [38;2;208;199;207m  [38;2;251;251;251m  [38;2;255;255;255m          
[38;2;255;255;255m                      [38;2;196;196;196m  [38;2;126;126;126m  [38;2;132;132;134m  [38;2;149;143;154m  [38;2;124;115;124m████[38;2;134;124;136m██[38;2;195;184;198m██[38;2;227;218;227m██[38;2;216;200;216m██████[38;2;186;166;179m██[38;2;170;89;123m██[38;2;124;23;90m██[38;2;96;28;92m  [38;2;126;126;126m  [38;2;67;67;67m  [38;2;140;35;134m██[38;2;233;99;227m██[38;2;224;88;216m████[38;2;234;101;229m██[38;2;233;80;187m██[38;2;230;38;71m██[38;2;234;41;96m██[38;2;231;37;83m██[38;2;227;36;79m██[38;2;235;51;124m██[38;2;224;88;216m██[38;2;200;66;192m██[38;2;131;47;126m██[38;2;159;154;159m  [38;2;255;255;255m          
[38;2;255;255;255m                            [38;2;227;227;227m  [38;2;181;181;181m    [38;2;188;188;190m  [38;2;167;162;175m  [38;2;216;214;218m██[38;2;229;221;229m██[38;2;216;200;216m████[38;2;68;60;64m██[38;2;51;21;40m██[38;2;135;119;134m  [38;2;187;187;187m  [38;2;255;255;255m  [38;2;215;215;215m  [38;2;88;56;86m  [38;2;213;79;207m██[38;2;224;88;216m██████[38;2;233;57;139m██[38;2;226;47;106m██[38;2;222;85;208m██[38;2;220;83;199m██[38;2;222;67;158m██[38;2;210;34;61m██[38;2;237;45;109m██[38;2;224;88;216m████[38;2;154;71;149m  [38;2;153;153;153m  [38;2;255;255;255m        
[38;2;255;255;255m                                    [38;2;248;248;249m  [38;2;152;147;162m  [38;2;222;220;223m██[38;2;230;223;230m██[38;2;128;118;136m██[38;2;225;225;226m  [38;2;237;237;237m  [38;2;248;248;248m  [38;2;255;255;255m      [38;2;99;99;99m  [38;2;152;32;145m██[38;2;207;72;200m██[38;2;225;90;218m██[38;2;224;88;216m██[38;2;232;62;151m██[38;2;215;28;49m██[38;2;220;79;190m██[38;2;224;88;216m████[38;2;222;85;206m██[38;2;230;69;169m██[38;2;236;49;119m██[38;2;238;42;100m██[38;2;238;33;79m██[38;2;157;56;118m  [38;2;183;146;148m  [38;2;241;233;234m  [38;2;237;236;239m  [38;2;255;255;255m  
[38;2;255;255;255m                                        [38;2;153;149;160m  [38;2;154;154;154m██[38;2;122;122;122m  [38;2;244;244;244m  [38;2;255;255;255m            [38;2;49;18;47m██[38;2;191;57;185m██[38;2;231;99;227m██[38;2;225;89;217m██[38;2;224;88;216m██[38;2;233;58;140m██[38;2;233;57;138m██[38;2;224;88;216m████████[38;2;235;51;124m██[38;2;238;42;101m██[38;2;234;54;132m██[38;2;239;39;93m██[38;2;190;22;46m██[38;2;171;135;146m██[38;2;154;145;162m  [38;2;225;224;228m  
[38;2;255;255;255m                                        [38;2;234;234;234m  [38;2;163;163;163m  [38;2;227;227;227m  [38;2;255;255;255m              [38;2;142;130;141m  [38;2;118;27;113m██[38;2;201;67;195m██[38;2;223;87;215m██[38;2;224;88;216m████[38;2;232;61;147m██[38;2;239;39;93m██[38;2;231;65;159m██[38;2;224;88;216m██[38;2;218;80;191m██[38;2;222;33;65m██[38;2;238;42;101m██[38;2;234;54;132m██[38;2;239;39;93m██[38;2;180;52;121m██[38;2;110;91;109m██[38;2;177;163;182m██[38;2;178;174;185m  
[38;2;255;255;255m                                                            [38;2;247;247;247m  [38;2;144;134;143m  [38;2;124;31;118m  [38;2;196;60;188m██[38;2;222;86;214m██[38;2;224;88;216m██[38;2;224;87;214m██[38;2;228;76;185m██[38;2;236;49;119m██[38;2;242;26;62m██[38;2;241;23;52m██[38;2;218;19;27m██[38;2;216;65;150m██[38;2;224;85;208m██[38;2;234;47;112m██[38;2;245;19;44m██[38;2;198;15;33m██[38;2;111;108;112m  [38;2;239;238;240m  
[38;2;255;255;255m                                                                [38;2;140;140;140m  [38;2;124;31;118m  [38;2;194;58;186m██[38;2;225;90;218m████[38;2;224;88;216m██████[38;2;230;70;170m██[38;2;224;27;52m██[38;2;227;38;83m██[38;2;228;55;130m██[38;2;218;28;50m██[38;2;230;67;163m██[38;2;150;29;142m██[38;2;202;186;201m██[38;2;189;180;189m  
[38;2;255;255;255m                                                                  [38;2;144;134;143m  [38;2;118;27;113m██[38;2;191;57;185m██[38;2;208;73;201m██[38;2;233;100;228m██[38;2;224;88;216m████[38;2;227;79;195m██[38;2;236;48;117m██[38;2;228;75;183m██[38;2;231;49;116m██[38;2;223;30;59m██[38;2;229;71;175m██[38;2;150;29;142m██[38;2;216;200;216m██[38;2;147;135;156m██
[38;2;255;255;255m                                                                  [38;2;247;247;247m  [38;2;142;130;141m  [38;2;49;18;47m██[38;2;150;30;143m██[38;2;186;51;179m██[38;2;223;90;218m██[38;2;228;94;222m██[38;2;224;88;216m██[38;2;235;51;124m██[38;2;210;34;61m██[38;2;220;83;199m██[38;2;209;56;121m██[38;2;226;26;52m██[38;2;202;64;169m██[38;2;100;93;109m██[38;2;145;143;147m  
[38;2;255;255;255m                                                                        [38;2;99;99;99m  [38;2;88;56;86m  [38;2;127;22;121m██[38;2;152;24;145m██[38;2;223;92;220m██[38;2;209;73;201m██[38;2;222;31;95m██[38;2;205;35;63m██[38;2;224;88;216m██[38;2;222;38;108m██[38;2;217;170;189m██[38;2;201;185;199m██[38;2;194;185;193m  
[38;2;255;255;255m                                                                          [38;2;215;215;215m  [38;2;126;126;126m  [38;2;101;45;98m  [38;2;94;20;89m██[38;2;124;22;118m██[38;2;160;24;152m██[38;2;202;23;101m██[38;2;189;54;181m██[38;2;116;23;110m██[38;2;149;128;154m██[38;2;216;200;216m██[38;2;147;135;156m██
[38;2;255;255;255m                                                                              [38;2;198;198;198m  [38;2;181;181;181m  [38;2;126;106;124m  [38;2;60;18;58m██[38;2;188;136;186m██[38;2;195;143;193m██[38;2;113;90;119m██[38;2;177;173;183m  [38;2;127;117;138m██[38;2;168;162;176m  
[38;2;255;255;255m                                                                                  [38;2;247;247;247m  [38;2;148;143;156m  [38;2;207;203;210m  [38;2;218;204;218m██[38;2;210;194;211m██[38;2;166;153;163m  [38;2;242;242;243m  [38;2;249;249;250m  
[38;2;255;255;255m                                                                                      [38;2;165;160;173m  [38;2;195;187;199m██[38;2;216;200;216m██[38;2;121;112;133m  [38;2;255;255;255m    
[38;2;255;255;255m                                                                                      [38;2;245;245;246m  [38;2;170;164;178m  [38;2;137;126;147m██[38;2;187;183;194m  [38;2;255;255;255m    
[38;2;255;255;255m                                                                                        [38;2;245;245;246m  [38;2;229;228;232m  [38;2;251;251;251m  [38;2;255;255;255m    
[38;2;255;255;255m                                                                                                  
[38;2;255;255;255m                                                                                                  [0m
