
[38;2;255;255;255m                                                                                                  
[38;2;255;255;255m                                                                                                  
[38;2;255;255;255m                                                                                                  
[38;2;255;255;255m                                                                                                  
[38;2;255;255;255m                                        [38;2;163;163;163m        [38;2;198;198;198m  [38;2;255;255;255m                                                
[38;2;255;255;255m                                      [38;2;176;176;187m  [38;2;79;79;94m██[38;2;60;60;75m████[38;2;26;26;30m██[38;2;79;79;88m  [38;2;108;108;108m  [38;2;232;232;232m  [38;2;255;255;255m                                            
[38;2;255;255;255m                                      [38;2;136;136;153m  [38;2;124;124;148m██[38;2;106;106;130m██[38;2;88;88;112m██[38;2;36;36;43m██[38;2;80;80;102m██[38;2;77;77;97m██[38;2;75;75;79m  [38;2;242;242;242m  [38;2;255;255;255m                                          
[38;2;255;255;255m                                        [38;2;80;80;99m██[38;2;115;115;139m██[38;2;92;92;116m██[38;2;77;77;97m██[38;2;44;44;53m██[38;2;88;88;112m██[38;2;82;82;105m██[38;2;67;67;67m  [38;2;221;221;221m  [38;2;255;255;255m                                        
[38;2;255;255;255m                                        [38;2;136;136;141m  [38;2;116;116;140m██[38;2;100;100;124m██[38;2;77;77;97m██[38;2;44;44;53m██[38;2;88;88;112m██[38;2;82;82;105m██[38;2;28;28;32m██[38;2;93;93;99m  [38;2;225;225;225m  [38;2;255;255;255m                                      
[38;2;255;255;255m                                        [38;2;204;204;205m  [38;2;77;77;91m██[38;2;122;122;146m██[38;2;79;79;100m██[38;2;44;44;53m██[38;2;88;88;112m██[38;2;82;82;105m██[38;2;38;38;46m██[38;2;79;79;100m██[38;2;71;71;75m  [38;2;255;255;255m                                      
[38;2;255;255;255m                                          [38;2;170;170;179m  [38;2;111;111;133m██[38;2;91;91;115m██[38;2;60;60;75m████[38;2;88;88;112m██[38;2;66;66;82m██[38;2;55;55;68m██[38;2;45;45;55m██[38;2;213;213;213m  [38;2;255;255;255m                                    
[38;2;255;255;255m                                          [38;2;145;145;145m  [38;2;94;94;110m██[38;2;105;105;129m██[38;2;60;60;75m████[38;2;88;88;112m██[38;2;66;66;82m██[38;2;55;55;68m██[38;2;88;88;112m██[38;2;71;71;71m  [38;2;255;255;255m                                    
[38;2;255;255;255m                                          [38;2;221;221;221m  [38;2;125;125;142m  [38;2;120;120;144m██[38;2;60;60;75m████[38;2;88;88;112m██[38;2;66;66;82m██[38;2;55;55;68m██[38;2;50;50;61m██[38;2;71;71;84m  [38;2;166;166;166m  [38;2;255;255;255m                                  
[38;2;255;255;255m                                        [38;2;250;251;251m  [38;2;231;239;239m  [38;2;101;109;110m  [38;2;119;127;146m██[38;2;67;79;92m██[38;2;67;76;89m██[38;2;83;84;106m██[38;2;40;40;48m██[38;2;85;85;109m██[38;2;33;33;38m██[38;2;74;74;93m██[38;2;115;115;117m  [38;2;244;244;244m  [38;2;255;255;255m                                
[38;2;255;255;255m                                      [38;2;210;225;225m  [38;2;180;208;208m  [38;2;127;183;183m██[38;2;145;198;198m██[38;2;145;201;201m██[38;2;104;184;184m██[38;2;103;172;172m██[38;2;92;128;139m██[38;2;63;91;95m██[38;2;76;85;99m██[38;2;48;48;58m██[38;2;88;88;112m██[38;2;55;55;68m██[38;2;181;181;181m  [38;2;255;255;255m                                
[38;2;255;255;255m                                  [38;2;226;236;236m  [38;2;161;192;192m  [38;2;140;186;186m  [38;2;148;209;209m██[38;2;168;232;232m██[38;2;158;213;213m██[38;2;122;191;191m██[38;2;104;184;184m██[38;2;156;160;136m██[38;2;117;178;172m██[38;2;104;180;180m██[38;2;85;144;144m██[38;2;50;61;68m██[38;2;54;54;67m██[38;2;55;55;68m██[38;2;181;181;181m  [38;2;255;255;255m                                
[38;2;255;255;255m                                [38;2;236;243;243m  [38;2;125;176;176m  [38;2;161;148;122m██[38;2;170;181;165m██[38;2;167;230;230m██[38;2;162;220;220m██[38;2;151;204;204m██[38;2;107;185;185m██[38;2;151;202;200m██[38;2;118;109;100m██[38;2;189;145;91m██[38;2;104;184;184m██[38;2;110;181;179m██[38;2;185;124;80m██[38;2;174;115;62m██[38;2;32;28;27m██[38;2;181;181;181m  [38;2;255;255;255m      [38;2;254;254;254m  [38;2;205;206;213m  [38;2;119;124;142m  [38;2;209;210;215m  [38;2;255;255;255m                  
[38;2;255;255;255m                                [38;2;129;173;173m  [38;2;182;209;202m██[38;2;123;111;99m██[38;2;194;127;65m██[38;2;153;204;204m████[38;2;119;190;190m██[38;2;104;184;184m██[38;2;142;178;156m██[38;2;131;94;60m██[38;2;178;150;105m██[38;2;104;184;184m██[38;2;179;156;119m██[38;2;247;154;76m██[38;2;248;160;80m██[38;2;174;114;60m██[38;2;153;144;137m  [38;2;249;249;249m  [38;2;255;255;255m    [38;2;203;205;212m  [38;2;115;150;162m██[38;2;150;210;210m██[38;2;61;75;81m██[38;2;198;198;198m  [38;2;255;255;255m                
[38;2;255;255;255m                    [38;2;173;200;200m  [38;2;211;225;225m  [38;2;255;255;255m      [38;2;204;221;221m  [38;2;174;150;124m  [38;2;166;198;186m██[38;2;164;124;88m██[38;2;183;158;122m██[38;2;153;204;204m██[38;2;141;199;199m██[38;2;111;187;187m██[38;2;103;171;171m██[38;2;104;184;184m██[38;2;143;166;148m██[38;2;114;179;175m██[38;2;127;173;163m██[38;2;215;155;96m██[38;2;248;160;80m████[38;2;236;144;68m██[38;2;148;80;34m██[38;2;221;174;145m  [38;2;255;255;255m    [38;2;117;122;140m  [38;2;137;198;198m██[38;2;122;165;172m██[38;2;117;146;158m██[38;2;98;119;119m  [38;2;186;186;186m  [38;2;255;255;255m              
[38;2;255;255;255m                  [38;2;164;195;195m  [38;2;153;214;214m██[38;2;146;197;197m  [38;2;219;231;231m  [38;2;255;255;255m    [38;2;230;196;158m  [38;2;229;132;74m██[38;2;153;204;204m██[38;2;164;194;186m██[38;2;158;200;196m██[38;2;114;170;170m██[38;2;110;186;186m██[38;2;104;184;184m██[38;2;104;178;178m██[38;2;104;184;184m████[38;2;103;178;180m██[38;2;137;113;106m██[38;2;244;142;69m██[38;2;248;160;80m██[38;2;247;153;76m██[38;2;240;137;65m██[38;2;237;145;69m██[38;2;233;143;71m  [38;2;213;133;83m  [38;2;160;129;121m  [38;2;137;171;179m  [38;2;141;199;199m██[38;2;106;161;164m██[38;2;111;177;178m██[38;2;107;125;140m██[38;2;98;119;119m  [38;2;198;198;198m  [38;2;255;255;255m            
[38;2;255;255;255m                [38;2;236;242;242m  [38;2;138;180;180m  [38;2;144;195;195m██[38;2;153;204;204m██[38;2;115;158;162m██[38;2;231;212;199m  [38;2;172;148;133m  [38;2;175;112;57m██[38;2;244;155;76m██[38;2;169;116;74m██[38;2;102;174;176m██[38;2;104;184;184m████████[38;2;101;164;169m██[38;2;102;168;171m██[38;2;112;140;156m██[38;2;125;125;151m██[38;2;223;186;189m██[38;2;244;142;69m██[38;2;248;160;80m██[38;2;246;151;74m██[38;2;243;134;65m██[38;2;246;151;74m████[38;2;226;142;71m██[38;2;194;127;65m██[38;2;178;98;51m██[38;2;64;90;90m██[38;2;103;173;173m██[38;2;104;178;178m██[38;2;94;126;140m██[38;2;63;103;103m██[38;2;181;181;181m  [38;2;255;255;255m            
[38;2;255;255;255m                [38;2;173;200;200m  [38;2;141;192;192m██[38;2;126;177;177m██[38;2;161;182;165m██[38;2;173;140;112m██[38;2;218;125;57m██[38;2;214;114;46m██[38;2;230;135;62m██[38;2;241;141;68m██[38;2;184;112;76m██[38;2;123;159;172m██[38;2;98;147;155m██[38;2;97;140;151m████[38;2;101;160;164m██[38;2;144;149;174m██[38;2;150;161;183m██[38;2;192;203;228m██[38;2;216;216;248m██[38;2;218;183;186m██[38;2;236;136;64m██[38;2;248;160;80m██[38;2;243;137;66m██[38;2;240;120;56m██[38;2;227;112;48m██[38;2;143;75;38m██[38;2;115;84;63m██[38;2;79;103;103m██[38;2;85;111;111m██[38;2;138;198;198m██[38;2;104;184;184m██[38;2;103;171;171m██[38;2;104;177;177m██[38;2;62;90;90m██[38;2;181;181;181m  [38;2;255;255;255m            
[38;2;255;255;255m              [38;2;219;219;225m  [38;2;138;166;173m  [38;2;122;173;173m██[38;2;149;200;200m██[38;2;173;155;123m██[38;2;215;116;47m██[38;2;219;118;49m██[38;2;237;125;58m██[38;2;220;115;47m██[38;2;233;117;53m██[38;2;205;133;98m██[38;2;197;206;232m██[38;2;178;181;209m██[38;2;177;177;206m████[38;2;180;190;215m██[38;2;213;215;246m██[38;2;216;216;248m██████[38;2;209;200;224m██[38;2;220;146;113m██[38;2;242;132;63m██[38;2;240;120;56m████[38;2;231;115;51m██[38;2;85;82;90m██[38;2;127;168;168m██[38;2;153;204;204m████[38;2;138;198;198m██[38;2;104;184;184m████[38;2;90;155;155m██[38;2;107;115;115m  [38;2;232;232;232m  [38;2;255;255;255m            
[38;2;255;255;255m              [38;2;200;200;206m  [38;2;118;145;155m██[38;2;121;189;189m██[38;2;123;174;174m██[38;2;155;200;198m██[38;2;157;196;191m██[38;2;163;183;171m██[38;2;196;114;60m██[38;2;188;102;50m██[38;2;231;116;54m██[38;2;229;147;113m██[38;2;212;212;246m██[38;2;215;215;247m██[38;2;216;216;248m██████[38;2;215;215;248m██[38;2;212;212;246m████[38;2;194;194;232m██[38;2;184;184;223m██[38;2;188;131;115m██[38;2;231;115;51m██[38;2;240;120;56m██[38;2;229;118;60m██[38;2;143;110;104m██[38;2;146;190;192m██[38;2;153;204;204m████[38;2;152;204;204m██[38;2;133;196;196m██[38;2;104;184;184m████[38;2;82;134;134m  [38;2;146;146;146m  [38;2;255;255;255m              
[38;2;255;255;255m              [38;2;210;210;210m  [38;2;104;121;121m  [38;2;141;187;187m██[38;2;153;204;204m██████████[38;2;128;160;169m██[38;2;175;112;87m██[38;2;226;131;86m██[38;2;188;170;192m██[38;2;201;201;237m██[38;2;207;207;242m██████[38;2;203;203;239m██[38;2;183;183;223m████[38;2;170;170;210m██[38;2;168;168;208m██[38;2;179;144;150m██[38;2;216;114;59m██[38;2;227;117;61m██[38;2;150;119;110m██[38;2;141;182;187m██[38;2;153;204;204m██████[38;2;149;202;202m██[38;2;104;184;184m████[38;2;78;134;134m██[38;2;142;142;142m  [38;2;255;255;255m                
[38;2;255;255;255m                [38;2;206;206;206m  [38;2;90;106;106m  [38;2;130;195;195m██[38;2;153;204;204m██████████[38;2;133;162;168m██[38;2;163;99;72m██[38;2;183;135;127m██[38;2;175;175;215m██[38;2;177;177;217m██████[38;2;176;176;216m██[38;2;168;168;208m██████████[38;2;106;75;65m██[38;2;149;145;128m██[38;2;140;180;185m██[38;2;153;204;204m████████[38;2;126;193;193m██[38;2;104;184;184m██[38;2;75;128;128m██[38;2;137;144;144m  [38;2;255;255;255m                  
[38;2;255;255;255m                  [38;2;227;227;227m  [38;2;61;87;87m  [38;2;108;180;180m██[38;2;138;198;198m██[38;2;150;203;203m██[38;2;153;204;204m████[38;2;152;203;203m██[38;2;132;159;164m██[38;2;74;73;80m██[38;2;135;137;168m██[38;2;159;159;197m██[38;2;168;168;208m██████████[38;2;164;167;204m██[38;2;149;164;192m██[38;2;117;158;166m██[38;2;128;171;173m██[38;2;147;198;198m██[38;2;153;204;204m██████[38;2;152;203;203m██[38;2;126;193;193m██[38;2;105;183;183m██[38;2;82;137;137m  [38;2;140;145;145m  [38;2;247;247;247m  [38;2;255;255;255m                  
[38;2;255;255;255m                    [38;2;217;217;217m  [38;2;84;109;109m  [38;2;96;168;168m██[38;2;109;186;186m██[38;2;138;198;198m██████[38;2;127;194;194m██[38;2;104;184;184m██[38;2;95;133;146m██[38;2;61;80;86m██[38;2;143;143;176m██[38;2;168;168;208m████████[38;2;129;159;176m██[38;2;136;161;182m██[38;2;160;187;206m██[38;2;153;204;204m████████[38;2;139;198;198m██[38;2;125;193;193m██[38;2;87;152;152m██[38;2;78;129;129m  [38;2;140;140;140m  [38;2;255;255;255m                      
[38;2;255;255;255m                      [38;2;204;204;204m  [38;2;84;109;109m  [38;2;64;107;107m██[38;2;104;184;184m████████████[38;2;102;130;144m██[38;2;150;150;178m██[38;2;181;181;221m██[38;2;169;169;209m██[38;2;168;168;208m████████[38;2;160;187;206m██[38;2;153;204;204m██[38;2;147;202;202m██[38;2;127;193;193m████[38;2;98;171;171m██[38;2;57;94;94m██[38;2;111;125;125m  [38;2;153;153;153m  [38;2;255;255;255m                        
[38;2;255;255;255m                        [38;2;217;217;217m  [38;2;175;178;178m  [38;2;36;55;55m██[38;2;78;134;134m██[38;2;104;184;184m██████[38;2;95;127;141m██[38;2;193;193;224m██[38;2;213;213;246m██[38;2;210;210;244m██[38;2;188;188;228m██[38;2;179;179;219m██[38;2;168;168;208m████[38;2;174;174;214m██[38;2;148;188;206m██[38;2;115;189;189m██[38;2;113;188;188m██[38;2;104;184;184m██[38;2;57;95;95m██[38;2;61;77;77m  [38;2;200;200;200m  [38;2;234;234;234m  [38;2;255;255;255m                          
[38;2;255;255;255m                              [38;2;142;142;142m  [38;2;72;75;75m  [38;2;88;131;131m██[38;2;100;145;148m██[38;2;102;120;136m██[38;2;213;213;246m██[38;2;213;200;223m██[38;2;222;194;204m██[38;2;216;193;207m██[38;2;189;189;229m██[38;2;192;192;232m██[38;2;190;192;231m██[38;2;151;188;210m██[38;2;104;184;184m██[38;2;88;154;154m██[38;2;114;114;128m  [38;2;71;71;71m  [38;2;198;198;198m  [38;2;255;255;255m                                
[38;2;255;255;255m                                [38;2;245;245;245m  [38;2;107;115;115m  [38;2;76;89;102m██[38;2;138;177;183m██[38;2;222;170;157m██[38;2;223;152;111m██[38;2;244;138;67m██[38;2;237;140;78m██[38;2;206;151;143m██[38;2;175;168;178m██[38;2;148;186;206m██[38;2;104;184;184m████[38;2;36;55;55m██[38;2;255;255;255m                                      
[38;2;255;255;255m                                  [38;2;181;181;181m  [38;2;79;98;102m██[38;2;195;151;119m██[38;2;246;151;74m██[38;2;248;160;80m████[38;2;248;158;79m██[38;2;243;137;66m██[38;2;214;126;74m██[38;2;118;176;169m██[38;2;104;184;184m████[38;2;36;55;55m██[38;2;255;255;255m            [38;2;115;115;115m  [38;2;90;90;90m      [38;2;255;255;255m                  
[38;2;255;255;255m                    [38;2;89;89;107m  [38;2;49;49;52m  [38;2;45;45;49m  [38;2;205;205;205m  [38;2;218;218;218m  [38;2;241;241;241m  [38;2;252;252;252m  [38;2;160;164;164m  [38;2;103;122;117m██[38;2;229;165;102m██[38;2;248;160;80m████████[38;2;248;159;79m██[38;2;243;134;65m██[38;2;136;164;146m██[38;2;104;184;184m████[38;2;46;71;71m██[38;2;218;218;218m      [38;2;64;64;68m  [38;2;52;52;55m    [38;2;104;104;123m  [38;2;113;113;135m██████[38;2;85;85;85m  [38;2;255;255;255m                
[38;2;255;255;255m                    [38;2;97;97;121m██[38;2;110;110;134m██[38;2;88;88;112m██[38;2;47;47;57m██[38;2;44;44;53m██[38;2;117;117;121m  [38;2;152;152;152m  [38;2;43;68;68m██[38;2;177;150;115m██[38;2;246;151;74m██[38;2;248;160;80m██████████[38;2;243;135;65m██[38;2;199;106;47m██[38;2;104;184;184m████[38;2;102;160;160m██[38;2;22;22;25m██[38;2;44;44;53m████[38;2;107;107;130m██[38;2;113;113;137m████[38;2;92;92;116m██[38;2;88;88;112m██████[38;2;71;71;71m  [38;2;255;255;255m                
[38;2;255;255;255m                    [38;2;97;97;121m██[38;2;110;110;134m██[38;2;88;88;112m██████[38;2;71;71;89m██[38;2;57;57;71m██[38;2;43;68;68m██[38;2;177;150;115m██[38;2;246;151;74m██[38;2;248;160;80m██████████[38;2;243;135;65m██[38;2;199;106;47m██[38;2;104;184;184m██[38;2;103;174;174m██[38;2;102;156;156m██[38;2;63;87;89m██[38;2;64;64;80m██[38;2;88;88;112m██████████████[38;2;54;54;67m██[38;2;184;184;184m  [38;2;255;255;255m                
[38;2;255;255;255m                    [38;2;197;197;205m  [38;2;100;100;122m██[38;2;92;92;114m██[38;2;82;82;105m██████[38;2;46;54;60m██[38;2;93;148;148m██[38;2;155;142;110m██[38;2;236;145;71m██[38;2;248;160;80m██████[38;2;247;157;78m██[38;2;245;145;71m██[38;2;240;122;57m██[38;2;193;108;53m██[38;2;102;158;158m██[38;2;102;155;155m██[38;2;102;153;153m██[38;2;99;148;148m██[38;2;60;84;85m██[38;2;31;31;36m██[38;2;33;33;38m██████████[38;2;30;30;34m██[38;2;33;33;34m  [38;2;255;255;255m                  
[38;2;255;255;255m                    [38;2;200;200;200m  [38;2;32;32;35m██[38;2;42;42;49m██[38;2;38;38;46m████[38;2;41;50;53m██[38;2;94;163;163m██[38;2;103;166;166m██[38;2;104;180;180m██[38;2;199;129;80m██[38;2;246;148;73m██████[38;2;240;122;57m██[38;2;240;120;56m██[38;2;232;115;51m██[38;2;121;147;137m██[38;2;102;153;153m████████[38;2;75;109;109m██[38;2;59;63;75m██[38;2;86;86;110m██[38;2;88;88;112m████████[38;2;49;49;60m██[38;2;200;200;200m  [38;2;255;255;255m                  
[38;2;255;255;255m                    [38;2;230;230;230m  [38;2;127;127;138m  [38;2;109;109;133m██[38;2;90;90;114m██[38;2;73;73;92m██[38;2;82;123;128m██[38;2;104;182;182m██[38;2;104;180;180m██[38;2;103;168;168m██[38;2;137;136;113m██[38;2;223;110;46m██[38;2;240;120;56m██████[38;2;232;115;51m██[38;2;175;119;76m██[38;2;109;149;144m██[38;2;102;153;153m██[38;2;103;162;162m██[38;2;103;170;170m██[38;2;102;153;153m████[38;2;42;58;58m██[38;2;47;47;57m██[38;2;64;64;80m██[38;2;88;88;112m████[38;2;76;76;96m██[38;2;101;101;106m  [38;2;230;230;230m  [38;2;255;255;255m                  
[38;2;255;255;255m                      [38;2;152;152;155m  [38;2;99;99;117m██[38;2;91;91;115m██[38;2;86;101;116m██[38;2;96;160;160m██[38;2;104;184;184m████[38;2;103;167;167m██[38;2;102;153;153m██[38;2;124;130;119m██[38;2;123;95;99m██[38;2;183;100;56m██[38;2;196;101;47m██[38;2;124;112;109m██[38;2;111;148;142m██[38;2;102;153;153m██[38;2;102;160;160m██[38;2;104;181;181m██[38;2;104;184;184m██[38;2;103;171;171m██[38;2;102;153;153m██[38;2;42;58;58m██[38;2;67;67;84m██[38;2;56;56;70m██[38;2;33;33;38m██[38;2;37;37;44m██[38;2;66;66;82m██[38;2;145;145;145m  [38;2;255;255;255m                    
[38;2;255;255;255m                        [38;2;166;166;179m  [38;2;91;91;106m  [38;2;50;78;78m██[38;2;104;181;181m██[38;2;104;184;184m██[38;2;104;182;182m██[38;2;103;164;164m██[38;2;102;153;153m██[38;2;82;121;121m████████████[38;2;81;118;119m██[38;2;81;106;119m██[38;2;104;184;184m██████[38;2;103;170;170m██[38;2;56;80;80m██[38;2;71;72;90m██[38;2;88;88;112m████[38;2;74;74;92m  [38;2;128;128;128m  [38;2;255;255;255m                      
[38;2;255;255;255m                          [38;2;119;119;119m  [38;2;49;69;69m██[38;2;103;163;163m██[38;2;103;170;170m██[38;2;103;165;165m██[38;2;102;153;153m██[38;2;71;104;104m██[38;2;126;126;126m              [38;2;117;130;134m  [38;2;101;164;169m██[38;2;104;184;184m████[38;2;103;170;170m██[38;2;102;153;153m██[38;2;29;33;34m██[38;2;55;55;68m████[38;2;125;125;127m  [38;2;255;255;255m                        
[38;2;255;255;255m                          [38;2;218;218;218m  [38;2;63;82;82m██[38;2;110;139;149m██[38;2;127;170;174m██[38;2;95;122;133m██[38;2;97;129;138m██[38;2;161;165;168m  [38;2;255;255;255m              [38;2;188;188;191m  [38;2;74;117;120m██[38;2;104;184;184m██[38;2;104;179;179m██[38;2;102;158;158m██[38;2;102;153;153m██[38;2;48;52;52m  [38;2;181;181;181m    [38;2;244;244;244m  [38;2;255;255;255m                        
[38;2;255;255;255m                          [38;2;252;252;252m  [38;2;170;171;171m  [38;2;60;62;63m  [38;2;62;65;66m  [38;2;59;60;61m  [38;2;59;61;62m  [38;2;210;210;210m  [38;2;255;255;255m              [38;2;249;249;249m  [38;2;141;145;145m  [38;2;112;149;149m  [38;2;90;104;119m██[38;2;105;130;138m██[38;2;85;117;122m██[38;2;87;90;90m  [38;2;255;255;255m                              
[38;2;255;255;255m                                                          [38;2;142;142;142m  [38;2;108;108;108m      [38;2;244;244;244m  [38;2;255;255;255m                              
[38;2;255;255;255m                                                                                                  
[38;2;255;255;255m                                                                                                  
[38;2;255;255;255m                                                                                                  
[38;2;255;255;255m                                                                                                  [0m
