
[38;2;255;255;255m                                      [38;2;238;228;224m  [38;2;222;209;207m  [38;2;237;230;229m  [38;2;255;255;255m    [38;2;247;242;239m  [38;2;201;167;151m  [38;2;227;210;202m  [38;2;255;255;255m            [38;2;225;213;211m  [38;2;226;213;210m  [38;2;247;242;239m  [38;2;255;255;255m                          
[38;2;255;255;255m                                  [38;2;242;234;230m  [38;2;199;173;166m  [38;2;167;118;98m  [38;2;178;148;144m  [38;2;214;197;195m  [38;2;255;255;255m    [38;2;218;197;188m  [38;2;214;183;164m██[38;2;181;135;114m  [38;2;255;255;255m            [38;2;184;156;152m  [38;2;171;131;119m  [38;2;178;140;129m  [38;2;194;170;167m  [38;2;255;255;255m                        
[38;2;255;255;255m                                [38;2;247;244;244m  [38;2;157;113;102m  [38;2;187;152;140m  [38;2;222;205;199m  [38;2;255;255;255m      [38;2;245;239;236m  [38;2;201;167;149m  [38;2;238;217;200m██[38;2;181;135;114m  [38;2;255;255;255m              [38;2;244;237;234m  [38;2;217;199;195m  [38;2;159;110;94m  [38;2;209;183;171m  [38;2;255;255;255m                      
[38;2;255;255;255m                              [38;2;246;241;238m  [38;2;141;95;88m  [38;2;159;119;111m  [38;2;252;250;249m  [38;2;255;255;255m        [38;2;240;232;228m  [38;2;194;153;132m██[38;2;248;230;212m██[38;2;147;101;91m  [38;2;255;255;255m                  [38;2;239;231;229m  [38;2;159;120;113m  [38;2;255;255;255m                      
[38;2;255;255;255m                              [38;2;185;151;140m  [38;2;123;69;59m  [38;2;215;191;180m  [38;2;255;255;255m          [38;2;217;195;184m  [38;2;215;184;164m██[38;2;248;217;191m██[38;2;172;128;109m  [38;2;230;215;208m  [38;2;255;255;255m                [38;2;244;240;239m  [38;2;156;117;112m  [38;2;255;255;255m                      
[38;2;255;255;255m                              [38;2;167;133;128m  [38;2;123;71;64m  [38;2;255;255;255m            [38;2;181;135;114m  [38;2;248;226;207m██[38;2;248;212;182m██[38;2;217;182;150m██[38;2;189;150;134m  [38;2;255;255;255m                [38;2;244;240;239m  [38;2;156;117;112m  [38;2;255;255;255m                      
[38;2;255;255;255m                              [38;2;169;135;129m  [38;2;126;75;66m  [38;2;255;255;255m          [38;2;247;244;244m  [38;2;157;109;95m  [38;2;248;210;180m██[38;2;248;208;176m██[38;2;234;194;164m██[38;2;161;122;115m  [38;2;255;255;255m                [38;2;183;143;126m  [38;2;189;153;140m  [38;2;255;255;255m                      
[38;2;255;255;255m                              [38;2;215;191;180m  [38;2;160;111;94m  [38;2;255;255;255m          [38;2;156;117;112m  [38;2;238;202;176m██[38;2;248;208;176m████[38;2;235;195;165m██[38;2;132;105;101m  [38;2;255;255;255m              [38;2;237;226;222m  [38;2;152;106;95m  [38;2;255;255;255m                        
[38;2;255;255;255m                                [38;2;161;116;102m  [38;2;220;199;190m  [38;2;255;255;255m      [38;2;213;215;227m  [38;2;179;156;156m  [38;2;243;224;207m██[38;2;248;221;198m████[38;2;180;139;122m██[38;2;102;105;123m  [38;2;192;192;192m  [38;2;255;255;255m          [38;2;225;214;212m  [38;2;167;121;104m  [38;2;207;178;166m  [38;2;255;255;255m                        
[38;2;255;255;255m                                [38;2;228;214;209m  [38;2;164;125;117m  [38;2;255;255;255m    [38;2;225;227;235m  [38;2;140;147;189m  [38;2;220;211;215m██[38;2;248;232;216m██████[38;2;176;169;197m██[38;2;164;171;216m██[38;2;131;137;174m  [38;2;225;227;235m  [38;2;255;255;255m      [38;2;238;231;231m  [38;2;147;98;87m  [38;2;201;171;160m  [38;2;252;250;249m  [38;2;255;255;255m                        
[38;2;255;255;255m                                [38;2;249;246;245m  [38;2;172;125;106m  [38;2;188;155;145m  [38;2;247;244;244m  [38;2;113;109;147m██[38;2;184;189;230m██[38;2;231;221;220m██[38;2;248;232;216m████[38;2;204;202;226m██[38;2;175;183;231m██[38;2;161;169;217m██[38;2;144;152;200m██[38;2;200;203;223m  [38;2;250;247;246m  [38;2;228;215;211m  [38;2;179;136;119m  [38;2;152;108;98m  [38;2;210;184;172m  [38;2;255;255;255m                            
[38;2;255;255;255m                                  [38;2;231;222;221m  [38;2;142;98;92m  [38;2;171;138;134m  [38;2;149;131;156m██[38;2;209;206;225m██[38;2;248;232;216m████[38;2;235;223;219m██[38;2;191;194;229m██[38;2;142;150;198m██[38;2;144;152;200m██[38;2;148;140;170m██[38;2;111;90;110m██[38;2;182;150;141m  [38;2;168;124;109m  [38;2;196;166;155m  [38;2;251;249;248m  [38;2;255;255;255m                              
[38;2;255;255;255m                                    [38;2;231;222;221m  [38;2;135;88;81m  [38;2;214;210;223m██[38;2;209;206;225m██[38;2;248;232;216m████[38;2;220;214;222m██[38;2;176;184;232m██[38;2;172;156;158m██[38;2;122;86;95m██[38;2;142;95;87m██[38;2;140;118;136m██[38;2;138;91;83m  [38;2;239;230;226m  [38;2;255;255;255m                                  
[38;2;255;255;255m                                    [38;2;243;239;238m  [38;2;127;88;83m  [38;2;166;127;117m██[38;2;245;230;217m██[38;2;248;232;216m██[38;2;247;228;210m██[38;2;213;190;186m██[38;2;200;176;177m██[38;2;152;103;88m██[38;2;130;94;100m██[38;2;140;143;186m██[38;2;144;151;198m██[38;2;145;102;96m  [38;2;255;255;255m                                    
[38;2;255;255;255m                                    [38;2;208;189;186m  [38;2;39;31;29m  [38;2;248;232;216m██████[38;2;243;225;206m██[38;2;196;157;131m██[38;2;143;90;75m██[38;2;148;119;100m██[38;2;119;108;109m██[38;2;118;126;174m██[38;2;153;161;209m██[38;2;145;102;96m  [38;2;255;255;255m                                    
[38;2;255;255;255m                                      [38;2;112;85;82m  [38;2;248;221;197m██[38;2;248;232;216m████[38;2;246;216;189m██[38;2;182;153;129m██[38;2;75;55;45m██[38;2;132;119;109m██[38;2;75;53;65m██[38;2;129;137;185m██[38;2;173;181;229m██[38;2;145;102;96m  [38;2;255;255;255m                                    
[38;2;255;255;255m                                      [38;2;182;142;127m  [38;2;221;186;156m██[38;2;248;212;182m████[38;2;248;208;176m██[38;2;206;164;136m██[38;2;132;117;130m██[38;2;143;104;99m██[38;2;166;143;138m██[38;2;135;143;191m██[38;2;176;184;232m██[38;2;184;182;214m  [38;2;248;248;250m  [38;2;255;255;255m                                  
[38;2;255;255;255m                                        [38;2;141;89;76m██[38;2;243;204;172m██[38;2;248;208;176m██[38;2;246;207;175m██[38;2;230;194;162m██[38;2;216;184;152m████[38;2;177;157;150m██[38;2;135;143;191m██[38;2;168;176;224m██[38;2;156;164;212m██[38;2;165;169;195m  [38;2;255;255;255m                                  
[38;2;255;255;255m                                        [38;2;113;86;99m██[38;2;193;152;127m██[38;2;231;195;163m██[38;2;228;193;161m██[38;2;216;184;152m████[38;2;193;151;122m██[38;2;177;157;150m██[38;2;126;134;182m██[38;2;147;155;203m██[38;2;145;145;187m██[38;2;172;158;167m  [38;2;255;255;255m                                  
[38;2;255;255;255m            [38;2;230;214;89m  [38;2;234;221;119m  [38;2;255;255;255m              [38;2;237;225;134m  [38;2;250;248;225m  [38;2;255;255;255m      [38;2;99;104;149m██[38;2;97;90;105m██[38;2;165;140;116m██[38;2;216;184;152m██[38;2;152;130;107m██[38;2;103;69;58m██[38;2;194;155;127m██[38;2;177;157;150m██[38;2;118;126;174m██[38;2;144;152;200m██[38;2;137;130;165m██[38;2;178;148;144m  [38;2;255;255;255m                                  
[38;2;255;255;255m            [38;2;224;204;42m  [38;2;248;224;32m██[38;2;188;171;68m██[38;2;201;197;195m  [38;2;255;255;255m        [38;2;240;231;157m  [38;2;236;212;20m██[38;2;224;202;25m  [38;2;255;255;255m      [38;2;101;109;157m██[38;2;144;152;200m██[38;2;67;71;93m██[38;2;27;29;38m  [38;2;93;72;64m  [38;2;190;149;121m██[38;2;216;184;152m██[38;2;177;157;150m██[38;2;118;126;174m██[38;2;144;152;200m██[38;2;137;130;165m██[38;2;178;148;144m  [38;2;255;255;255m                                  
[38;2;255;255;255m            [38;2;224;204;42m  [38;2;248;224;32m████[38;2;188;171;68m██[38;2;201;199;207m  [38;2;255;255;255m    [38;2;252;251;237m  [38;2;235;219;90m  [38;2;241;217;25m██[38;2;234;211;27m  [38;2;243;235;174m  [38;2;255;255;255m    [38;2;160;165;196m  [38;2;144;152;200m████[38;2;118;125;165m  [38;2;200;178;175m  [38;2;176;135;112m██[38;2;216;184;152m██[38;2;177;157;150m██[38;2;118;126;174m██[38;2;144;152;200m██[38;2;137;130;165m██[38;2;178;148;144m  [38;2;255;255;255m                                  
[38;2;255;255;255m            [38;2;224;204;42m  [38;2;248;224;32m██████[38;2;191;175;83m  [38;2;199;196;205m  [38;2;255;255;255m  [38;2;237;235;229m  [38;2;181;163;63m██[38;2;248;224;32m██[38;2;240;216;36m██[38;2;174;165;136m  [38;2;255;255;255m    [38;2;229;231;242m  [38;2;144;152;200m████[38;2;118;125;165m  [38;2;200;178;175m  [38;2;176;135;112m██[38;2;216;184;152m██[38;2;177;157;150m██[38;2;118;126;174m██[38;2;144;152;200m██[38;2;142;145;189m██[38;2;190;184;200m  [38;2;255;255;255m                                  
[38;2;255;255;255m  [38;2;252;251;237m  [38;2;249;245;216m    [38;2;251;249;231m  [38;2;255;255;255m  [38;2;250;247;224m  [38;2;233;210;41m██[38;2;248;224;32m████[38;2;220;199;49m██[38;2;121;112;118m  [38;2;212;210;217m  [38;2;145;136;126m  [38;2;241;218;36m██[38;2;248;224;32m██[38;2;239;216;38m██[38;2;164;156;140m  [38;2;252;251;237m  [38;2;255;255;255m  [38;2;229;231;242m  [38;2;144;152;200m████[38;2;154;161;203m  [38;2;184;163;165m  [38;2;176;135;112m██[38;2;216;184;152m██[38;2;177;157;150m██[38;2;118;126;174m██[38;2;144;152;200m████[38;2;183;188;218m  [38;2;247;247;250m  [38;2;255;255;255m                                
[38;2;255;255;255m  [38;2;237;226;137m  [38;2;225;201;9m██[38;2;228;204;12m██[38;2;216;200;86m  [38;2;197;194;203m  [38;2;234;233;237m  [38;2;148;135;93m██[38;2;248;224;32m██████[38;2;207;188;57m██[38;2;185;179;167m  [38;2;133;123;113m  [38;2;248;224;32m██████[38;2;225;203;36m██[38;2;217;209;159m  [38;2;255;255;255m  [38;2;229;231;242m  [38;2;144;152;200m████[38;2;135;143;191m██[38;2;97;81;107m██[38;2;176;135;112m██[38;2;216;184;152m██[38;2;177;157;150m██[38;2;118;126;174m██[38;2;144;152;200m████[38;2;122;119;157m██[38;2;206;201;209m  [38;2;255;255;255m                                
[38;2;255;255;255m  [38;2;237;226;137m  [38;2;238;214;22m██[38;2;248;224;32m██[38;2;227;205;45m██[38;2;193;175;66m██[38;2;162;155;152m  [38;2;148;135;93m██[38;2;248;224;32m████████[38;2;148;135;93m██[38;2;126;116;106m██[38;2;248;224;32m██████[38;2;204;185;59m██[38;2;185;182;193m  [38;2;255;255;255m  [38;2;229;231;242m  [38;2;144;152;200m████[38;2;135;143;191m██[38;2;97;81;107m██[38;2;188;153;136m██[38;2;228;207;188m██[38;2;139;136;163m██[38;2;143;151;199m██[38;2;144;152;200m██[38;2;159;167;215m██[38;2;129;108;130m██[38;2;211;194;191m  [38;2;255;255;255m                                
[38;2;255;255;255m  [38;2;252;251;237m  [38;2;164;156;140m  [38;2;239;216;38m██[38;2;248;224;32m████[38;2;221;200;49m██[38;2;118;109;111m██[38;2;192;174;66m██[38;2;248;224;32m██████[38;2;233;210;41m██[38;2;136;124;101m██[38;2;248;224;32m██████[38;2;177;160;28m██[38;2;145;144;146m  [38;2;255;255;255m  [38;2;218;220;231m  [38;2;131;139;187m██[38;2;154;162;210m██[38;2;156;164;212m██[38;2;97;81;107m██[38;2;196;164;151m██[38;2;236;222;210m██[38;2;115;123;171m██[38;2;173;181;229m██[38;2;171;179;227m██[38;2;175;183;231m██[38;2;144;122;144m██[38;2;211;194;191m  [38;2;255;255;255m                                
[38;2;255;255;255m    [38;2;183;179;190m  [38;2;206;188;63m  [38;2;248;224;32m██████[38;2;204;185;59m██[38;2;182;165;73m██[38;2;248;224;32m████[38;2;243;219;27m██[38;2;238;214;22m██[38;2;135;123;97m██[38;2;238;214;22m██[38;2;244;220;28m██[38;2;248;224;32m██[38;2;172;155;22m██[38;2;137;137;137m  [38;2;255;255;255m  [38;2;223;225;236m  [38;2;143;151;199m██[38;2;176;184;232m██[38;2;164;169;214m██[38;2;118;94;109m██[38;2;212;185;171m██[38;2;236;222;210m██[38;2;115;123;171m██[38;2;176;184;232m██████[38;2;146;125;147m██[38;2;211;194;191m  [38;2;255;255;255m                                
[38;2;255;255;255m      [38;2;138;128;117m  [38;2;248;224;32m██████[38;2;222;201;39m██[38;2;168;152;68m██[38;2;230;208;43m██[38;2;232;199;32m██[38;2;226;181;47m██[38;2;216;192;0m██[38;2;167;150;53m██[38;2;179;160;40m██[38;2;228;180;54m██[38;2;231;201;26m██[38;2;160;143;10m██[38;2;137;137;137m  [38;2;255;255;255m  [38;2;168;173;204m  [38;2;176;184;232m████[38;2;166;164;204m██[38;2;164;124;113m██[38;2;248;232;216m██[38;2;236;222;210m██[38;2;115;123;171m██[38;2;176;184;232m██████[38;2;146;125;147m██[38;2;211;194;191m  [38;2;255;255;255m                                
[38;2;255;255;255m      [38;2;210;207;207m  [38;2;180;163;74m██[38;2;248;224;32m████[38;2;238;214;22m██[38;2;156;140;65m██[38;2;196;176;33m██[38;2;218;177;31m██[38;2;223;135;122m██[38;2;218;177;32m██[38;2;199;177;18m██[38;2;149;114;114m██[38;2;223;134;124m██[38;2;204;171;21m██[38;2;95;91;60m  [38;2;228;228;228m  [38;2;255;255;255m  [38;2;108;116;164m██[38;2;176;184;232m████[38;2;147;145;185m██[38;2;164;124;113m██[38;2;248;232;216m██[38;2;236;222;210m██[38;2;115;123;171m██[38;2;176;184;232m██████[38;2;146;125;147m██[38;2;135;88;81m  [38;2;145;102;96m      [38;2;153;114;108m  [38;2;255;255;255m                        
[38;2;218;194;2m██[38;2;184;165;50m██[38;2;137;126;100m██[38;2;136;124;99m██[38;2;120;110;103m██[38;2;172;157;78m██[38;2;241;213;41m██[38;2;223;138;114m██[38;2;221;155;80m██[38;2;130;115;100m██[38;2;217;181;24m██[38;2;223;136;119m██[38;2;224;128;136m██[38;2;199;172;29m██[38;2;150;108;126m██[38;2;224;128;136m██[38;2;201;167;21m██[38;2;68;64;64m  [38;2;180;140;131m  [38;2;115;69;69m██[38;2;124;132;180m██[38;2;176;184;232m████[38;2;138;93;88m██[38;2;248;232;216m████[38;2;236;217;203m██[38;2;115;123;171m██[38;2;176;184;232m██████[38;2;153;139;167m██[38;2;189;155;53m██[38;2;155;133;99m██[38;2;228;151;127m██[38;2;248;160;128m██[38;2;212;141;122m██[38;2;119;68;66m██[38;2;141;77;67m██[38;2;204;179;175m  [38;2;222;209;207m  [38;2;237;230;229m  [38;2;255;255;255m              
[38;2;222;208;107m  [38;2;212;192;54m██[38;2;248;224;32m██[38;2;243;219;27m██[38;2;193;172;25m██[38;2;156;140;65m██[38;2;176;160;70m██[38;2;182;151;61m██[38;2;222;142;107m██[38;2;174;115;129m██[38;2;176;158;43m██[38;2;220;162;63m██[38;2;224;128;136m██[38;2;210;156;69m██[38;2;161;130;89m██[38;2;203;122;133m██[38;2;201;167;21m██[38;2;54;32;26m██[38;2;214;134;108m██[38;2;125;111;140m██[38;2;176;184;232m██████[38;2;138;93;88m██[38;2;248;232;216m████[38;2;241;207;181m██[38;2;157;141;155m██[38;2;162;157;193m██[38;2;176;184;232m██████[38;2;132;95;105m██[38;2;226;200;41m██[38;2;175;146;97m██[38;2;182;130;124m██[38;2;172;151;86m██[38;2;190;160;82m██[38;2;236;158;112m██[38;2;189;114;96m██[38;2;175;104;85m██[38;2;181;131;119m  [38;2;189;163;159m  [38;2;250;248;248m  [38;2;255;255;255m          
[38;2;244;244;245m  [38;2;181;173;158m  [38;2;202;181;35m██[38;2;224;200;8m██[38;2;216;192;0m████[38;2;187;167;31m██[38;2;168;151;51m██[38;2;182;151;61m██[38;2;223;138;114m██[38;2;176;120;120m██[38;2;175;147;64m██[38;2;222;142;107m██[38;2;223;138;115m██[38;2;173;155;46m██[38;2;178;116;130m██[38;2;201;167;21m██[38;2;46;36;38m██[38;2;142;116;131m██[38;2;146;147;190m██[38;2;176;184;232m████[38;2;145;123;144m██[38;2;207;180;168m██[38;2;248;232;216m████[38;2;248;212;182m██[38;2;206;161;137m██[38;2;146;125;147m██[38;2;176;184;232m██████[38;2;132;95;105m██[38;2;222;197;43m██[38;2;170;154;80m██[38;2;204;185;59m██[38;2;241;218;36m██[38;2;248;224;32m██[38;2;244;208;49m██[38;2;234;151;117m██[38;2;248;160;128m██[38;2;229;145;117m██[38;2;141;78;65m██[38;2;168;134;129m  [38;2;255;255;255m          
[38;2;255;255;255m  [38;2;250;249;250m  [38;2;114;112;102m  [38;2;173;154;3m  [38;2;196;174;0m██[38;2;220;162;64m██[38;2;223;134;122m██[38;2;221;131;128m██[38;2;170;116;123m██[38;2;184;158;48m██[38;2;207;126;129m██[38;2;175;123;114m██[38;2;178;153;55m██[38;2;220;149;91m██[38;2;173;155;46m██[38;2;177;122;117m██[38;2;62;46;18m██[38;2;196;175;10m██[38;2;141;137;99m██[38;2;159;167;215m██[38;2;176;184;232m██[38;2;171;175;219m██[38;2;143;108;114m██[38;2;239;221;205m██[38;2;248;232;216m██[38;2;248;230;212m██[38;2;248;211;181m██[38;2;206;161;137m██[38;2;146;125;147m██[38;2;176;184;232m██████[38;2;173;177;222m██[38;2;127;84;73m██[38;2;164;148;97m██[38;2;239;216;37m██[38;2;248;224;32m██[38;2;241;218;36m██[38;2;238;210;46m██[38;2;161;133;105m██[38;2;227;133;137m██[38;2;238;154;139m██[38;2;241;162;131m██[38;2;223;149;122m  [38;2;178;145;137m  [38;2;247;243;243m  [38;2;255;255;255m      
[38;2;255;255;255m      [38;2;110;110;110m  [38;2;111;106;60m  [38;2;133;118;0m██[38;2;207;147;71m██[38;2;222;145;100m██[38;2;224;128;136m██[38;2;167;113;128m██[38;2;155;119;108m██[38;2;195;154;63m██[38;2;170;139;77m██[38;2;211;187;6m██[38;2;189;169;28m████[38;2;46;41;4m██[38;2;153;147;93m██[38;2;151;159;207m██[38;2;176;184;232m████[38;2;146;125;147m██[38;2;206;178;164m██[38;2;248;232;216m████[38;2;248;217;191m██[38;2;248;208;176m██[38;2;206;161;137m██[38;2;146;125;147m██[38;2;176;184;232m████████[38;2;136;84;79m██[38;2;205;151;147m██[38;2;176;149;89m██[38;2;193;175;66m██[38;2;182;158;83m██[38;2;207;142;126m██[38;2;248;160;128m██[38;2;230;146;145m██[38;2;248;208;176m████[38;2;248;215;188m██[38;2;211;168;142m██[38;2;182;150;142m  [38;2;247;243;243m  [38;2;255;255;255m    
[38;2;255;255;255m        [38;2;217;217;217m  [38;2;103;82;79m  [38;2;81;68;5m██[38;2;125;103;16m██[38;2;219;167;52m████[38;2;208;165;51m██[38;2;161;145;59m██[38;2;195;174;23m██[38;2;205;183;11m██[38;2;174;156;45m██[38;2;134;119;0m██[38;2;137;125;26m██[38;2;115;123;171m██[38;2;176;184;232m████[38;2;167;166;206m██[38;2;164;132;134m██[38;2;232;211;196m██[38;2;248;232;216m██[38;2;248;226;207m██[38;2;248;212;182m██[38;2;248;208;176m██[38;2;226;185;156m██[38;2;155;119;116m██[38;2;152;151;191m██[38;2;171;179;227m██[38;2;156;164;212m██[38;2;170;178;226m██[38;2;139;116;139m██[38;2;182;101;103m██[38;2;196;120;132m██[38;2;121;104;116m██[38;2;169;144;70m██[38;2;199;131;128m██[38;2;233;140;133m██[38;2;241;184;164m██[38;2;248;208;176m████[38;2;248;229;211m██[38;2;243;214;188m██[38;2;199;159;133m██[38;2;175;142;135m  [38;2;255;255;255m    
[38;2;255;255;255m      [38;2;253;253;253m  [38;2;206;186;177m  [38;2;195;160;51m  [38;2;119;108;85m██[38;2;161;146;20m██[38;2;52;47;2m████[38;2;78;67;3m██[38;2;199;177;9m██[38;2;151;136;70m██[38;2;193;173;24m██[38;2;146;132;68m██[38;2;87;77;0m██[38;2;105;108;117m██[38;2;164;172;220m██[38;2;160;168;216m██[38;2;168;176;224m██[38;2;141;131;163m██[38;2;180;144;131m██[38;2;248;231;215m██[38;2;248;232;216m██[38;2;248;223;201m██[38;2;248;208;176m████[38;2;238;201;169m██[38;2;160;115;96m██[38;2;137;130;165m██[38;2;148;156;204m██[38;2;144;152;200m██[38;2;147;155;203m██[38;2;140;139;179m██[38;2;153;86;86m██[38;2;221;126;133m██[38;2;131;108;113m██[38;2;211;187;6m██[38;2;166;124;40m██[38;2;193;145;122m██[38;2;227;192;160m██[38;2;248;208;176m██[38;2;248;209;178m██[38;2;248;230;213m██[38;2;248;231;214m██[38;2;245;214;187m██[38;2;201;164;137m  [38;2;165;135;131m  [38;2;255;255;255m  
[38;2;255;255;255m      [38;2;206;185;173m  [38;2;190;152;39m██[38;2;248;224;32m██[38;2;134;123;102m██[38;2;204;185;59m██[38;2;228;206;44m██[38;2;216;184;36m██[38;2;104;61;55m  [38;2;111;104;42m  [38;2;196;174;0m██[38;2;216;192;0m██[38;2;133;118;0m██[38;2;119;111;38m██[38;2;152;156;179m██[38;2;144;152;200m██████[38;2;143;95;84m██[38;2;248;220;197m██[38;2;248;222;199m██[38;2;248;230;213m██[38;2;248;218;193m██[38;2;248;208;176m████[38;2;238;201;169m██[38;2;160;115;96m██[38;2;137;130;165m██[38;2;144;152;200m████████[38;2;132;115;142m██[38;2;155;94;104m██[38;2;118;105;122m██[38;2;192;172;26m██[38;2;216;192;0m██[38;2;136;87;37m██[38;2;231;195;163m██[38;2;248;211;182m██[38;2;248;227;207m██[38;2;248;232;216m██[38;2;248;229;211m██[38;2;248;214;187m██[38;2;209;178;148m██[38;2;100;94;87m  [38;2;219;219;219m  
[38;2;255;255;255m    [38;2;202;181;178m  [38;2;182;121;93m  [38;2;200;182;61m████[38;2;165;149;59m██[38;2;164;148;55m██[38;2;170;140;47m██[38;2;186;156;132m  [38;2;204;184;182m  [38;2;201;201;201m  [38;2;111;104;42m  [38;2;207;184;0m██[38;2;151;138;30m██[38;2;107;113;153m██[38;2;144;152;200m██████[38;2;131;112;137m██[38;2;200;157;136m██[38;2;248;220;196m██[38;2;248;220;197m██[38;2;248;218;192m██[38;2;248;208;176m██████[38;2;238;201;169m██[38;2;160;115;96m██[38;2;137;130;165m██[38;2;144;152;200m████████[38;2;132;115;142m██[38;2;153;133;144m  [38;2;178;182;203m  [38;2;178;162;141m  [38;2;160;119;26m██[38;2;179;133;96m██[38;2;248;221;198m██[38;2;248;226;206m██[38;2;248;232;216m████[38;2;248;223;201m██[38;2;237;200;168m██[38;2;218;186;154m██[38;2;150;127;105m██[38;2;137;137;137m  
[38;2;255;255;255m  [38;2;204;184;182m  [38;2;195;126;105m  [38;2;240;156;126m██[38;2;185;138;116m██[38;2;170;153;55m██[38;2;212;189;4m██[38;2;191;160;11m██[38;2;182;153;129m  [38;2;247;244;244m  [38;2;255;255;255m    [38;2;78;78;78m  [38;2;184;166;17m██[38;2;123;126;140m██[38;2;139;147;195m██[38;2;144;152;200m██████[38;2;119;78;83m██[38;2;248;209;178m██[38;2;248;211;181m██[38;2;248;212;182m██[38;2;248;208;177m██[38;2;248;208;176m████[38;2;246;207;175m██[38;2;221;188;156m██[38;2;203;168;139m██[38;2;136;96;93m██[38;2;144;152;200m████████[38;2;141;143;187m██[38;2;142;113;122m  [38;2;145;102;96m  [38;2;167;129;121m  [38;2;217;191;177m██[38;2;241;218;200m██[38;2;248;232;216m██████[38;2;248;229;211m██[38;2;248;211;182m██[38;2;228;193;161m██[38;2;216;184;152m██[38;2;150;127;105m██[38;2;137;137;137m  
[38;2;247;244;244m  [38;2;186;150;142m  [38;2;216;135;109m██[38;2;243;158;128m██[38;2;185;138;116m██[38;2;170;153;55m██[38;2;204;178;8m██[38;2;156;117;112m  [38;2;255;255;255m      [38;2;228;228;228m  [38;2;74;76;83m  [38;2;101;109;154m██[38;2;144;152;200m████████[38;2;140;140;181m██[38;2;136;96;93m██[38;2;248;208;176m████████████[38;2;240;202;170m██[38;2;216;184;152m████[38;2;136;86;72m██[38;2;144;152;200m██████████[38;2;124;93;106m██[38;2;227;205;190m██[38;2;248;232;216m██████[38;2;248;226;207m████[38;2;248;214;185m██[38;2;248;208;176m██[38;2;236;199;167m██[38;2;216;184;152m████[38;2;150;127;105m██[38;2;137;137;137m  
[38;2;222;209;207m  [38;2;175;104;85m██[38;2;248;160;128m██[38;2;185;137;118m██[38;2;200;182;61m████[38;2;161;143;61m██[38;2;133;102;105m  [38;2;225;213;211m  [38;2;255;255;255m  [38;2;189;163;159m  [38;2;121;108;117m  [38;2;91;98;138m██[38;2;138;146;194m██[38;2;128;136;184m██[38;2;144;152;200m██████[38;2;127;100;118m██[38;2;192;154;128m██[38;2;248;208;176m██████████[38;2;239;201;169m██[38;2;219;186;154m██[38;2;216;184;152m████[38;2;136;86;72m██[38;2;144;152;200m██████████[38;2;133;120;150m██[38;2;181;148;140m██[38;2;248;221;198m██████[38;2;248;208;176m████[38;2;238;200;168m██[38;2;245;205;173m██[38;2;232;196;164m██[38;2;222;188;156m██[38;2;216;184;152m██[38;2;150;127;105m██[38;2;137;137;137m  
[38;2;222;209;207m  [38;2;129;84;82m██[38;2;148;116;122m██[38;2;206;185;60m██[38;2;248;224;32m████[38;2;134;123;102m██[38;2;204;181;52m██[38;2;179;143;77m  [38;2;156;117;112m  [38;2;164;135;38m██[38;2;120;117;156m██[38;2;161;169;217m██[38;2;140;141;183m██[38;2;120;100;125m██[38;2;144;152;200m██████[38;2;127;100;118m██[38;2;192;154;128m██[38;2;231;195;163m██[38;2;248;208;176m████[38;2;245;205;173m██[38;2;226;191;159m██[38;2;220;187;155m██[38;2;216;184;152m██████[38;2;191;154;127m██[38;2;127;101;119m██[38;2;144;152;200m██████████[38;2;127;82;81m██[38;2;248;208;176m██████[38;2;231;195;163m██[38;2;238;200;168m██[38;2;234;198;166m██[38;2;229;194;162m██[38;2;233;197;165m██[38;2;220;187;155m██[38;2;204;174;144m██[38;2;100;94;87m  [38;2;219;219;219m  
[38;2;207;206;206m  [38;2;114;99;31m  [38;2;202;178;12m██[38;2;152;138;81m██[38;2;234;212;40m████[38;2;146;125;105m██[38;2;226;204;46m██[38;2;232;208;39m██[38;2;219;196;46m██[38;2;125;131;165m██[38;2;168;171;215m██[38;2;166;164;204m██[38;2;120;88;102m██[38;2;142;147;193m██[38;2;144;152;200m██[38;2;140;141;182m██[38;2;144;152;200m██[38;2;127;100;118m██[38;2;192;154;128m██[38;2;217;184;152m██[38;2;218;186;154m██████[38;2;216;184;152m████████████[38;2;119;78;83m██[38;2;144;152;200m██████[38;2;146;154;202m████[38;2;140;140;180m██[38;2;152;104;87m██[38;2;218;186;154m████[38;2;217;184;152m██[38;2;229;194;162m████[38;2;236;199;167m██[38;2;218;185;153m██[38;2;216;184;152m██[38;2;177;151;125m  [38;2;106;106;106m  [38;2;255;255;255m  
[38;2;255;255;255m  [38;2;169;153;151m  [38;2;171;144;9m██[38;2;205;183;11m██[38;2;165;149;71m██[38;2;166;134;103m██[38;2;207;123;134m██[38;2;150;108;126m██[38;2;173;144;94m██[38;2;159;152;93m██[38;2;144;147;190m██[38;2;159;134;146m  [38;2;123;90;98m  [38;2;114;119;165m██[38;2;144;152;200m██[38;2;136;129;164m██[38;2;127;101;119m██[38;2;140;141;182m██[38;2;151;124;134m  [38;2;174;134;116m  [38;2;216;184;152m████████████████████[38;2;147;108;100m██[38;2;137;132;169m██[38;2;135;126;160m██[38;2;145;151;197m██[38;2;164;172;220m██[38;2;149;142;176m██[38;2;141;142;184m██[38;2;140;106;108m██[38;2;198;161;134m██[38;2;216;184;152m██████[38;2;230;194;162m██[38;2;218;185;153m██[38;2;216;184;152m██[38;2;165;140;116m██[38;2;116;112;109m  [38;2;255;255;255m    
[38;2;255;255;255m  [38;2;210;210;210m  [38;2;106;99;48m  [38;2;104;92;0m██[38;2;173;155;46m██[38;2;178;116;130m██[38;2;224;128;136m████[38;2;125;79;88m██[38;2;83;75;20m██[38;2;125;96;106m  [38;2;225;214;212m  [38;2;139;145;178m  [38;2;137;139;181m██[38;2;124;93;106m██[38;2;171;146;149m  [38;2;126;130;170m  [38;2;134;122;153m██[38;2;189;163;159m  [38;2;145;102;96m  [38;2;216;184;152m████████████████████[38;2;192;154;128m██[38;2;127;100;118m██[38;2;122;86;95m██[38;2;131;104;121m██[38;2;176;184;232m██[38;2;161;154;188m██[38;2;128;99;115m██[38;2;121;82;88m██[38;2;168;125;104m██[38;2;216;184;152m████████[38;2;196;167;138m██[38;2;83;71;58m██[38;2;129;124;119m  [38;2;240;240;240m  [38;2;255;255;255m    
[38;2;255;255;255m    [38;2;228;228;228m  [38;2;191;190;186m  [38;2;46;43;27m  [38;2;47;37;40m  [38;2;54;39;41m    [38;2;141;134;135m  [38;2;216;216;216m  [38;2;238;231;231m  [38;2;255;255;255m  [38;2;161;132;133m  [38;2;143;107;108m  [38;2;233;224;223m  [38;2;247;243;243m  [38;2;225;223;229m  [38;2;160;129;129m  [38;2;245;241;240m  [38;2;238;231;231m  [38;2;155;110;95m  [38;2;204;172;142m██[38;2;211;180;148m██[38;2;216;184;152m██████████████[38;2;212;179;148m██[38;2;165;126;110m██[38;2;177;139;119m██[38;2;189;152;128m██[38;2;146;120;136m██[38;2;174;180;227m██[38;2;129;84;83m██[38;2;200;164;136m██[38;2;209;175;145m██[38;2;216;184;152m██[38;2;199;170;140m████[38;2;98;85;73m  [38;2;78;74;70m  [38;2;216;216;216m  [38;2;240;240;240m  [38;2;255;255;255m      
[38;2;255;255;255m                                        [38;2;232;223;222m  [38;2;120;99;96m  [38;2;152;124;107m  [38;2;152;129;106m██[38;2;150;127;105m██[38;2;190;162;134m██[38;2;216;184;152m████████████████[38;2;188;150;124m██[38;2;152;126;139m██[38;2;122;75;72m██[38;2;150;127;105m██████[38;2;78;78;78m    [38;2;201;201;201m  [38;2;255;255;255m            
[38;2;255;255;255m                                            [38;2;209;191;189m  [38;2;141;139;139m  [38;2;137;137;137m  [38;2;151;124;112m  [38;2;109;90;74m██[38;2;100;85;70m████████████████[38;2;70;49;41m██[38;2;58;34;31m  [38;2;137;137;137m      [38;2;255;255;255m                  [0m
