
[38;2;255;255;255m                                                                                                  
[38;2;255;255;255m                                                                                                  
[38;2;255;255;255m                                                                                                  
[38;2;255;255;255m                                                                  [38;2;237;231;221m  [38;2;232;232;232m  [38;2;255;255;255m  [38;2;254;253;252m  [38;2;239;231;218m  [38;2;204;176;131m  [38;2;170;120;46m  [38;2;188;149;92m  [38;2;255;255;255m                
[38;2;255;255;255m                                                                [38;2;228;213;191m  [38;2;164;131;70m  [38;2;108;108;108m  [38;2;231;217;198m  [38;2;213;190;156m  [38;2;189;148;71m██[38;2;221;188;108m██[38;2;160;128;71m██[38;2;233;206;168m  [38;2;255;255;255m                
[38;2;255;255;255m                                                                [38;2;184;145;90m  [38;2;218;196;127m██[38;2;135;101;51m  [38;2;204;171;106m  [38;2;214;184;109m██[38;2;248;227;149m██[38;2;216;175;85m██[38;2;120;82;24m██[38;2;192;157;108m      [38;2;250;247;244m  [38;2;255;255;255m          
[38;2;255;255;255m                                                            [38;2;253;252;251m  [38;2;211;186;152m  [38;2;213;183;112m  [38;2;182;139;61m██[38;2;233;211;138m██[38;2;242;224;151m██[38;2;248;231;157m██[38;2;248;212;114m██[38;2;240;201;101m██[38;2;233;191;91m██[38;2;233;191;90m████[38;2;231;188;89m██[38;2;233;196;112m  [38;2;172;125;57m  [38;2;218;197;168m  [38;2;254;253;252m  [38;2;255;255;255m    
[38;2;255;255;255m                                                            [38;2;227;204;167m  [38;2;182;138;60m██[38;2;228;203;129m██[38;2;197;160;83m██[38;2;248;232;160m████[38;2;248;226;145m██[38;2;248;225;143m████[38;2;248;212;113m██[38;2;248;208;104m██[38;2;242;200;99m██[38;2;217;164;79m██[38;2;153;113;56m██[38;2;149;110;55m██[38;2;125;86;31m██[38;2;208;189;162m  [38;2;255;255;255m    
[38;2;255;255;255m                                                    [38;2;253;251;247m  [38;2;230;200;156m  [38;2;243;229;210m  [38;2;255;255;255m  [38;2;234;204;129m██[38;2;248;232;160m██████[38;2;228;204;130m██[38;2;196;159;82m██[38;2;240;200;101m██[38;2;248;208;104m████████[38;2;239;196;97m██[38;2;194;140;56m██[38;2;147;143;137m  [38;2;145;145;145m    [38;2;93;73;44m  [38;2;166;166;166m  [38;2;255;255;255m  
[38;2;255;255;255m                                                    [38;2;248;244;238m  [38;2;188;141;63m██[38;2;205;170;103m  [38;2;176;133;71m  [38;2;248;232;160m████[38;2;248;219;130m██[38;2;248;214;117m██[38;2;211;168;78m██[38;2;197;160;84m██[38;2;107;93;55m██[38;2;248;208;104m██████████[38;2;233;190;90m██[38;2;111;108;100m  [38;2;255;255;255m    [38;2;208;208;208m  [38;2;217;217;217m  [38;2;255;255;255m  
[38;2;255;255;255m                                                    [38;2;249;246;241m  [38;2;191;154;88m  [38;2;233;198;111m██[38;2;67;57;35m██[38;2;248;232;160m██[38;2;248;221;134m██[38;2;248;208;104m██[38;2;241;198;98m██[38;2;211;165;70m██[38;2;186;130;50m██[38;2;226;204;135m██[38;2;109;88;43m██[38;2;248;208;104m██████████[38;2;217;181;90m██[38;2;127;119;108m  [38;2;255;255;255m        
[38;2;255;255;255m                                                      [38;2;223;206;181m  [38;2;182;126;46m██[38;2;60;47;29m██[38;2;248;229;154m██[38;2;248;215;120m██[38;2;235;190;94m██[38;2;216;163;78m██[38;2;211;165;70m██[38;2;186;130;50m██[38;2;224;185;107m██[38;2;179;139;59m██[38;2;199;167;85m██[38;2;248;208;104m████████[38;2;240;199;97m██[38;2;176;147;90m  [38;2;213;213;213m  [38;2;255;255;255m      
[38;2;255;255;255m                                                      [38;2;223;206;181m  [38;2;182;126;46m██[38;2;133;90;29m██[38;2;197;154;70m██[38;2;248;208;104m██[38;2;193;142;55m██[38;2;211;158;74m██[38;2;237;195;94m██[38;2;212;160;74m██[38;2;211;156;74m██[38;2;177;149;77m██[38;2;141;119;63m██[38;2;248;208;104m██[38;2;242;199;99m██[38;2;233;187;92m██[38;2;248;208;104m████[38;2;195;155;70m██[38;2;199;184;163m  [38;2;255;255;255m      
[38;2;255;255;255m                        [38;2;244;238;230m  [38;2;236;222;200m  [38;2;175;129;57m    [38;2;178;132;60m  [38;2;224;190;136m  [38;2;239;231;218m  [38;2;190;150;87m  [38;2;175;125;48m  [38;2;208;178;131m  [38;2;242;233;221m  [38;2;254;253;252m  [38;2;255;255;255m      [38;2;253;251;249m  [38;2;198;166;120m  [38;2;221;194;119m██[38;2;225;199;123m██[38;2;194;142;56m██[38;2;233;189;92m██[38;2;245;204;102m██[38;2;246;205;102m██[38;2;244;202;101m██[38;2;245;204;102m██[38;2;183;153;77m██[38;2;131;97;47m██[38;2;235;189;93m██[38;2;240;197;98m██[38;2;213;159;76m██[38;2;232;186;92m██[38;2;248;207;104m██[38;2;231;185;90m██[38;2;100;78;47m  [38;2;221;221;221m  [38;2;255;255;255m    
[38;2;255;255;255m                      [38;2;237;227;213m  [38;2;197;156;85m  [38;2;225;178;90m██[38;2;248;223;138m████[38;2;248;231;157m██[38;2;230;206;133m██[38;2;189;148;71m██[38;2;206;161;70m██[38;2;220;175;78m██[38;2;237;192;95m██[38;2;200;156;75m██[38;2;219;200;170m  [38;2;255;255;255m        [38;2;205;153;123m  [38;2;228;194;125m██[38;2;248;229;152m██[38;2;248;217;126m██[38;2;248;211;111m██[38;2;222;140;67m██[38;2;221;134;62m██[38;2;239;185;100m██[38;2;248;209;107m██[38;2;230;187;87m██[38;2;188;134;50m██[38;2;203;147;67m██[38;2;236;191;95m██[38;2;230;182;89m██[38;2;208;152;72m██[38;2;245;204;102m██[38;2;233;186;92m██[38;2;122;87;38m██[38;2;226;223;218m  [38;2;255;255;255m    
[38;2;255;255;255m                    [38;2;240;232;221m  [38;2;173;129;65m  [38;2;178;126;39m██[38;2;189;139;50m████[38;2;225;181;83m██[38;2;248;216;122m██[38;2;248;222;136m██[38;2;248;232;160m██[38;2;220;192;117m██[38;2;206;170;92m██[38;2;216;171;75m██[38;2;248;225;143m██[38;2;211;180;109m  [38;2;216;195;164m  [38;2;255;255;255m      [38;2;212;126;118m  [38;2;231;182;123m██[38;2;248;232;160m████[38;2;217;134;77m██[38;2;185;44;27m██[38;2;221;149;117m██[38;2;239;194;121m██[38;2;248;223;139m██[38;2;248;208;104m██[38;2;151;121;57m██[38;2;149;101;33m██[38;2;204;149;67m██[38;2;198;145;60m██[38;2;208;152;72m██[38;2;226;177;86m██[38;2;233;186;92m██[38;2;195;139;59m██[38;2;196;161;110m  [38;2;255;255;255m    
[38;2;255;255;255m                [38;2;251;248;245m  [38;2;192;157;104m  [38;2;222;183;114m  [38;2;233;211;138m████████[38;2;223;184;105m██[38;2;186;136;52m██[38;2;241;201;100m██[38;2;245;208;109m██[38;2;248;226;146m██[38;2;245;226;152m██[38;2;206;171;93m██[38;2;213;174;86m██[38;2;244;225;149m██[38;2;171;156;108m  [38;2;173;172;169m  [38;2;252;252;252m  [38;2;253;251;249m  [38;2;242;166;132m  [38;2;245;202;133m██[38;2;248;232;160m████[38;2;200;90;53m██[38;2;234;100;46m██[38;2;246;168;106m██[38;2;246;227;155m██[38;2;248;229;152m██[38;2;248;208;104m██[38;2;129;108;57m██[38;2;190;182;172m  [38;2;218;176;117m  [38;2;203;172;129m  [38;2;193;137;57m██[38;2;210;157;73m██[38;2;231;184;90m██[38;2;208;152;72m██[38;2;80;65;43m  [38;2;255;255;255m    
[38;2;255;255;255m              [38;2;245;240;232m  [38;2;201;169;116m  [38;2;233;210;137m██[38;2;248;232;160m████████████[38;2;243;225;152m██[38;2;182;138;60m██[38;2;201;157;69m██[38;2;241;200;98m██[38;2;248;212;113m██[38;2;248;228;151m██[38;2;137;128;91m██[38;2;181;155;86m██[38;2;248;218;128m██[38;2;131;105;50m██[38;2;225;222;218m  [38;2;223;206;181m  [38;2;204;169;94m██[38;2;248;232;160m██████[38;2;229;194;118m██[38;2;246;227;153m██[38;2;248;225;143m████[38;2;248;211;110m██[38;2;248;208;104m██[38;2;212;166;71m██[38;2;214;189;150m  [38;2;255;255;255m  [38;2;222;204;179m  [38;2;189;138;65m  [38;2;185;143;82m  [38;2;197;141;61m██[38;2;208;152;72m██[38;2;64;55;43m  [38;2;255;255;255m    
[38;2;255;255;255m            [38;2;251;248;245m  [38;2;201;169;116m  [38;2;228;203;129m██[38;2;248;232;160m████[38;2;248;226;146m██[38;2;248;219;130m████████[38;2;248;230;155m██[38;2;248;232;160m██[38;2;224;198;124m██[38;2;198;153;65m██[38;2;248;208;104m██[38;2;248;213;116m██[38;2;248;219;130m██[38;2;146;125;67m██[38;2;171;144;75m██[38;2;221;176;79m██[38;2;148;141;127m  [38;2;223;206;181m  [38;2;204;169;94m██[38;2;248;232;160m██████[38;2;248;223;139m██[38;2;223;185;105m██[38;2;196;148;57m██[38;2;215;166;75m██[38;2;245;203;101m██[38;2;248;208;104m████[38;2;118;89;36m██[38;2;255;255;255m    [38;2;184;145;90m  [38;2;231;218;200m  [38;2;174;118;38m██[38;2;208;152;72m██[38;2;64;55;43m  [38;2;255;255;255m    
[38;2;255;255;255m            [38;2;239;238;237m  [38;2;109;95;60m██[38;2;248;232;160m██[38;2;248;218;127m██[38;2;248;214;117m██[38;2;248;211;111m██[38;2;248;208;104m████████[38;2;248;213;115m██[38;2;248;219;130m██[38;2;248;232;160m██[38;2;231;208;134m██[38;2;111;94;52m██[38;2;248;208;104m████[38;2;228;188;90m██[38;2;170;128;50m██[38;2;248;208;104m██[38;2;70;64;48m  [38;2;191;187;181m  [38;2;116;84;34m██[38;2;207;161;82m██[38;2;248;214;117m██[38;2;234;194;106m██[38;2;187;137;54m██[38;2;170;115;34m██[38;2;195;139;59m██[38;2;222;174;82m██[38;2;247;206;103m██[38;2;248;208;104m████[38;2;70;60;36m██[38;2;255;255;255m    [38;2;239;230;217m  [38;2;250;247;242m  [38;2;206;176;134m  [38;2;191;135;55m██[38;2;64;55;43m  [38;2;255;255;255m    
[38;2;255;255;255m            [38;2;71;68;60m  [38;2;248;214;117m██[38;2;248;217;124m██[38;2;248;208;104m██[38;2;243;202;99m██[38;2;232;188;90m██[38;2;194;148;64m██[38;2;174;127;49m████[38;2;214;169;78m██[38;2;230;186;87m██[38;2;248;208;104m████[38;2;248;222;137m██[38;2;194;178;117m██[38;2;123;105;57m██[38;2;248;208;104m██[38;2;247;206;103m██[38;2;193;150;66m██[38;2;199;158;70m██[38;2;183;133;54m  [38;2;214;192;160m  [38;2;186;136;65m  [38;2;195;158;78m██[38;2;137;101;49m██[38;2;58;49;31m██[38;2;172;138;79m██[38;2;217;165;80m██[38;2;229;181;89m██[38;2;248;208;104m████████[38;2;191;142;52m██[38;2;237;227;213m  [38;2;255;255;255m      [38;2;225;208;184m  [38;2;188;137;64m  [38;2;62;53;41m  [38;2;255;255;255m    
[38;2;255;255;255m            [38;2;119;96;60m  [38;2;248;208;104m████[38;2;214;168;73m██[38;2;222;177;88m██[38;2;210;173;96m██[38;2;241;219;145m██[38;2;248;232;160m████[38;2;235;205;131m██[38;2;202;163;86m██[38;2;217;172;76m██[38;2;248;208;104m████[38;2;219;184;93m██[38;2;131;111;60m██[38;2;215;181;92m██[38;2;228;180;88m██[38;2;134;100;50m██[38;2;147;118;61m██[38;2;202;149;70m██[38;2;140;119;90m  [38;2;225;209;186m  [38;2;143;136;126m  [38;2;132;119;101m  [38;2;196;159;82m██[38;2;248;232;160m██[38;2;248;210;108m██[38;2;248;208;104m████████████[38;2;170;127;66m  [38;2;196;196;196m  [38;2;255;255;255m      [38;2;192;157;108m  [38;2;104;75;34m  [38;2;255;255;255m    
[38;2;255;255;255m          [38;2;211;187;153m  [38;2;215;172;81m  [38;2;248;208;104m██[38;2;212;166;71m██[38;2;210;176;99m██[38;2;239;213;139m██[38;2;248;232;160m██████████[38;2;246;229;157m██[38;2;178;155;93m██[38;2;174;147;76m██[38;2;248;208;104m████[38;2;141;119;63m██[38;2;177;149;77m██[38;2;211;156;74m██[38;2;134;100;50m████[38;2;193;142;68m██[38;2;90;90;90m  [38;2;255;255;255m    [38;2;231;218;200m  [38;2;196;159;82m██[38;2;248;232;160m██[38;2;248;223;138m██[38;2;248;208;104m████████████[38;2;100;86;67m  [38;2;215;215;215m  [38;2;255;255;255m      [38;2;235;225;210m  [38;2;171;125;60m  [38;2;255;255;255m    
[38;2;255;255;255m          [38;2;114;112;108m  [38;2;211;177;89m██[38;2;201;162;76m██[38;2;210;177;101m██[38;2;246;230;157m██[38;2;248;224;141m██[38;2;248;210;108m████[38;2;248;213;115m██[38;2;248;228;151m██[38;2;248;231;157m██[38;2;248;232;160m██[38;2;243;226;154m██[38;2;144;130;84m██[38;2;195;161;78m██[38;2;247;206;103m██[38;2;138;115;61m██[38;2;151;113;56m██[38;2;208;152;72m██[38;2;134;100;50m████[38;2;193;142;68m██[38;2;31;28;24m  [38;2;147;143;137m  [38;2;247;247;247m  [38;2;179;134;61m  [38;2;237;217;144m██[38;2;243;226;153m██[38;2;246;226;149m██[38;2;239;197;96m██[38;2;248;208;104m██████████[38;2;204;164;79m  [38;2;193;169;136m  [38;2;255;255;255m        [38;2;249;246;241m  [38;2;255;255;255m    
[38;2;255;255;255m          [38;2;140;127;108m  [38;2;207;171;84m██[38;2;124;104;60m██[38;2;248;232;160m██[38;2;248;225;143m██[38;2;248;208;104m██████████[38;2;248;217;125m██[38;2;248;223;138m██[38;2;248;218;128m██[38;2;248;208;104m██[38;2;134;98;36m██[38;2;227;179;87m██[38;2;119;89;46m██[38;2;149;110;55m██[38;2;208;152;72m██[38;2;154;112;50m████[38;2;197;144;68m██[38;2;111;79;33m██[38;2;105;79;42m██[38;2;169;153;129m  [38;2;194;148;62m██[38;2;184;141;64m██[38;2;218;190;116m██[38;2;225;206;138m██[38;2;143;104;37m██[38;2;234;191;91m██[38;2;248;208;104m████████[38;2;176;137;69m██[38;2;126;126;126m  [38;2;255;255;255m              
[38;2;255;255;255m          [38;2;231;217;198m  [38;2;130;112;69m  [38;2;222;186;98m██[38;2;248;224;141m██[38;2;248;210;109m██[38;2;248;208;104m██████████████████[38;2;160;125;63m██[38;2;181;125;45m██[38;2;174;128;62m██[38;2;161;112;42m██[38;2;200;144;64m██[38;2;179;123;43m██[38;2;200;144;64m██[38;2;180;124;44m██[38;2;193;137;57m██[38;2;105;79;42m██[38;2;121;78;16m██[38;2;226;182;84m██[38;2;179;128;41m██[38;2;196;153;71m██[38;2;208;192;131m██[38;2;68;47;16m██[38;2;211;165;70m██[38;2;248;208;104m████████[38;2;222;183;92m██[38;2;161;126;77m  [38;2;235;225;210m  [38;2;255;255;255m            
[38;2;255;255;255m          [38;2;250;247;244m  [38;2;164;124;62m  [38;2;248;209;107m██[38;2;248;210;108m██[38;2;248;208;104m██[38;2;224;174;84m██[38;2;246;206;103m██[38;2;248;208;104m██████████████[38;2;217;165;79m██[38;2;76;57;29m██[38;2;208;152;72m██[38;2;90;66;33m██[38;2;169;123;59m██[38;2;103;76;38m██[38;2;208;152;72m██[38;2;84;62;29m██[38;2;207;151;71m██[38;2;169;118;44m██[38;2;211;168;75m██[38;2;245;204;101m██[38;2;240;199;97m██[38;2;182;130;43m██[38;2;178;131;50m██[38;2;220;183;90m██[38;2;192;143;53m██[38;2;230;187;87m██[38;2;248;208;104m██[38;2;227;180;87m██[38;2;239;196;97m██[38;2;236;192;95m██[38;2;129;95;46m██[38;2;188;185;181m  [38;2;255;255;255m            
[38;2;255;255;255m          [38;2;166;142;108m  [38;2;227;187;90m██[38;2;248;208;104m██████[38;2;235;191;93m██[38;2;217;169;77m██[38;2;248;208;104m████████████[38;2;241;199;99m██[38;2;214;161;77m██[38;2;60;47;29m██[38;2;208;152;72m██[38;2;75;58;33m██[38;2;170;124;59m██[38;2;116;83;38m██[38;2;208;152;72m██[38;2;164;108;28m██[38;2;188;133;51m██[38;2;217;176;85m██[38;2;248;210;108m████[38;2;248;212;113m██[38;2;202;154;62m██[38;2;243;202;99m██[38;2;248;208;104m██[38;2;207;160;67m██[38;2;164;110;27m██[38;2;248;208;104m██[38;2;174;134;57m██[38;2;193;150;63m██[38;2;204;148;68m██[38;2;144;114;71m  [38;2;204;204;204m  [38;2;255;255;255m            
[38;2;255;255;255m          [38;2;108;108;108m  [38;2;212;178;90m██[38;2;248;208;104m██████[38;2;238;196;95m██[38;2;200;152;60m██[38;2;232;189;89m██[38;2;248;208;104m██████████[38;2;226;178;87m██[38;2;208;152;72m██[38;2;116;87;45m██[38;2;152;113;56m██[38;2;126;88;33m██[38;2;195;141;64m██[38;2;192;136;56m██[38;2;189;133;53m██[38;2;160;106;26m██[38;2;217;185;106m██[38;2;248;220;132m██[38;2;248;211;110m██[38;2;231;190;104m██[38;2;248;221;134m██[38;2;248;208;104m████████[38;2;210;164;69m██[38;2;212;166;71m██[38;2;123;105;57m██[38;2;121;78;16m██[38;2;178;129;59m██[38;2;160;146;126m  [38;2;255;255;255m              
[38;2;255;255;255m          [38;2;108;108;108m  [38;2;212;178;90m██[38;2;248;208;104m██████[38;2;241;198;98m██[38;2;207;153;70m██[38;2;181;127;43m██[38;2;242;201;99m██[38;2;248;208;104m████████[38;2;226;178;87m██[38;2;208;152;72m██[38;2;164;121;59m██[38;2;105;79;42m██[38;2;199;143;63m██[38;2;200;144;64m██[38;2;165;109;29m██[38;2;183;127;47m██[38;2;223;194;119m██[38;2;248;232;160m██[38;2;248;219;130m██[38;2;248;208;104m██[38;2;217;170;92m██[38;2;248;229;154m██[38;2;248;214;117m██[38;2;248;208;104m████[38;2;229;181;89m██[38;2;236;193;93m██[38;2;182;130;43m██[38;2;123;105;57m██[38;2;154;111;49m██[38;2;131;87;26m██[38;2;126;126;126m  [38;2;255;255;255m              
[38;2;255;255;255m          [38;2;127;119;108m  [38;2;217;181;90m██[38;2;248;208;104m██████[38;2;232;185;91m██[38;2;202;146;66m██[38;2;173;126;59m██[38;2;164;121;59m██[38;2;176;137;69m██[38;2;214;175;84m██[38;2;245;204;101m██[38;2;248;208;104m████[38;2;224;175;85m██[38;2;198;145;69m██[38;2;120;93;49m██[38;2;142;107;45m██[38;2;186;141;60m██[38;2;248;221;133m██[38;2;248;232;160m██[38;2;248;227;149m██[38;2;248;221;134m██[38;2;248;208;104m████[38;2;174;127;49m██[38;2;248;232;160m██[38;2;248;215;121m██[38;2;248;208;104m██[38;2;244;203;101m██[38;2;166;123;47m██[38;2;221;179;84m██[38;2;159;104;22m██[38;2;192;138;56m██[38;2;165;109;29m██[38;2;164;121;59m██[38;2;126;126;126m  [38;2;255;255;255m              
[38;2;255;255;255m          [38;2;221;202;176m  [38;2;206;162;76m  [38;2;248;208;104m██████[38;2;182;126;46m██[38;2;189;136;51m██[38;2;146;118;57m██[38;2;123;106;61m██[38;2;123;116;82m██[38;2;168;135;67m██[38;2;203;155;62m██[38;2;204;156;63m██[38;2;228;184;85m██[38;2;234;188;93m██[38;2;120;95;55m██[38;2;181;163;104m██[38;2;248;228;151m██[38;2;248;232;160m████[38;2;248;225;144m██[38;2;248;210;109m██[38;2;248;208;104m██████[38;2;174;127;49m██[38;2;248;232;160m██[38;2;248;215;121m██[38;2;248;208;104m██[38;2;233;186;92m██[38;2;90;68;38m██[38;2;208;174;87m██[38;2;212;166;71m██[38;2;226;178;87m██[38;2;117;81;29m██[38;2;178;129;59m██[38;2;160;146;126m  [38;2;255;255;255m              
[38;2;255;255;255m            [38;2;103;86;60m  [38;2;248;208;104m████[38;2;197;148;57m██[38;2;218;174;77m██[38;2;232;189;89m██[38;2;248;220;131m██[38;2;248;226;145m████[38;2;248;211;111m██[38;2;223;179;81m██[38;2;218;174;77m██[38;2;199;150;59m██[38;2;100;75;36m██[38;2;193;181;126m██[38;2;248;232;160m██████[38;2;248;226;145m██[38;2;248;211;111m██[38;2;248;208;104m████████[38;2;174;127;49m██[38;2;248;232;160m██[38;2;248;215;121m██[38;2;248;208;104m██[38;2;233;186;92m██[38;2;148;102;38m██[38;2;227;187;90m██[38;2;239;196;97m██[38;2;214;160;77m██[38;2;60;47;29m██[38;2;182;135;67m  [38;2;238;229;215m  [38;2;255;255;255m              
[38;2;255;255;255m            [38;2;71;68;60m  [38;2;248;208;104m██[38;2;205;157;65m██[38;2;224;180;82m██[38;2;248;209;106m██[38;2;248;220;132m██[38;2;248;231;159m██[38;2;248;229;152m██[38;2;246;206;105m██[38;2;223;173;84m██[38;2;210;156;74m██[38;2;202;148;66m██[38;2;187;136;62m██[38;2;160;112;36m██[38;2;248;229;153m██[38;2;248;232;160m████[38;2;248;226;145m██[38;2;248;209;107m██[38;2;248;208;104m████[38;2;239;195;96m██[38;2;226;179;85m██[38;2;245;204;101m██[38;2;217;175;81m██[38;2;189;158;88m██[38;2;248;215;121m██[38;2;242;200;99m██[38;2;182;130;54m██[38;2;196;151;65m██[38;2;238;195;96m██[38;2;210;155;74m██[38;2;169;118;44m██[38;2;180;129;57m██[38;2;79;76;71m  [38;2;255;255;255m                
[38;2;255;255;255m            [38;2;71;68;60m  [38;2;243;201;100m██[38;2;228;180;88m██[38;2;242;200;99m██[38;2;248;214;117m██[38;2;248;232;160m████[38;2;248;228;151m██[38;2;233;186;92m██[38;2;195;139;59m██[38;2;187;131;50m██[38;2;189;139;50m██[38;2;96;73;32m██[38;2;194;164;84m██[38;2;248;211;112m██[38;2;248;223;138m████[38;2;248;209;107m██[38;2;248;208;104m████████[38;2;196;148;57m██[38;2;226;182;84m██[38;2;183;147;74m██[38;2;123;111;73m██[38;2;248;213;115m██[38;2;242;199;99m██[38;2;134;100;50m████[38;2;208;152;72m██[38;2;185;136;65m██[38;2;110;83;44m██[38;2;181;133;64m██[38;2;71;71;71m  [38;2;255;255;255m                
[38;2;255;255;255m            [38;2;135;105;60m  [38;2;225;180;84m██[38;2;214;166;73m██[38;2;248;208;104m██[38;2;248;214;117m██[38;2;248;232;160m████[38;2;248;228;151m██[38;2;187;154;78m██[38;2;164;128;58m██[38;2;214;168;73m██[38;2;240;197;98m██[38;2;112;89;48m██[38;2;194;164;84m██[38;2;248;208;104m██████████████[38;2;240;197;98m██[38;2;204;150;66m██[38;2;188;137;50m██[38;2;164;121;59m██[38;2;123;105;57m██[38;2;248;208;104m██[38;2;242;199;99m██[38;2;134;100;50m████[38;2;179;123;43m██[38;2;161;112;42m██[38;2;174;128;62m██[38;2;208;152;72m██[38;2;71;71;71m  [38;2;255;255;255m                
[38;2;255;255;255m          [38;2;201;172;131m  [38;2;224;181;86m  [38;2;183;153;77m██[38;2;151;125;63m██[38;2;248;208;104m██[38;2;248;209;106m██[38;2;248;221;134m██[38;2;248;232;160m██[38;2;207;193;132m██[38;2;124;106;59m██[38;2;234;210;130m██[38;2;245;207;109m██[38;2;212;158;75m██[38;2;169;118;44m██[38;2;216;174;79m██[38;2;248;208;104m██████████████[38;2;236;191;94m██[38;2;208;152;72m██[38;2;157;104;29m██[38;2;191;137;60m██[38;2;184;139;56m██[38;2;246;205;102m██[38;2;247;207;103m██[38;2;155;129;67m██[38;2;110;78;33m  [38;2;213;197;176m  [38;2;90;66;33m██[38;2;208;152;72m████[38;2;71;71;71m  [38;2;255;255;255m                
[38;2;255;255;255m        [38;2;243;236;227m  [38;2;198;160;96m  [38;2;238;196;95m██[38;2;189;156;77m██[38;2;160;131;63m██[38;2;248;208;104m████[38;2;248;216;122m██[38;2;248;230;155m██[38;2;102;81;41m██[38;2;248;217;126m██[38;2;248;232;160m██[38;2;246;209;111m██[38;2;217;164;79m██[38;2;208;152;72m██[38;2;178;122;42m██[38;2;225;181;83m██[38;2;248;208;104m██████████[38;2;247;207;103m██[38;2;227;179;87m██[38;2;208;152;72m██[38;2;60;47;29m██[38;2;208;152;72m██[38;2;163;115;46m██[38;2;206;166;77m██[38;2;248;208;104m██[38;2;159;134;70m██[38;2;163;163;163m  [38;2;237;237;237m  [38;2;75;58;33m██[38;2;208;152;72m████[38;2;71;71;71m  [38;2;255;255;255m                
[38;2;255;255;255m      [38;2;204;176;136m  [38;2;201;164;102m  [38;2;231;188;88m██[38;2;248;208;104m██[38;2;218;174;77m██[38;2;136;101;38m██[38;2;219;184;93m██[38;2;248;208;104m████[38;2;212;174;89m██[38;2;210;164;71m██[38;2;248;217;126m██[38;2;248;232;160m██[38;2;248;222;136m██[38;2;236;191;94m██[38;2;208;152;72m████[38;2;185;131;49m██[38;2;196;148;57m██[38;2;232;189;89m██[38;2;248;208;104m████[38;2;235;189;93m██[38;2;225;176;86m██[38;2;208;152;72m████[38;2;60;47;29m██[38;2;208;152;72m██[38;2;119;89;46m██[38;2;177;149;77m██[38;2;248;208;104m██[38;2;159;134;70m██[38;2;163;163;163m  [38;2;237;237;237m  [38;2;75;58;33m██[38;2;208;152;72m████[38;2;71;71;71m  [38;2;255;255;255m                
[38;2;255;255;255m    [38;2;200;170;128m  [38;2;222;178;83m  [38;2;234;192;92m██[38;2;248;208;104m██[38;2;177;130;47m██[38;2;119;109;87m  [38;2;214;208;200m  [38;2;100;93;74m  [38;2;248;208;104m████[38;2;109;88;43m██[38;2;233;195;97m██[38;2;248;210;109m██[38;2;248;225;143m██[38;2;248;230;156m██[38;2;245;204;102m██[38;2;239;195;97m██[38;2;215;162;78m██[38;2;205;149;69m██[38;2;195;139;59m██[38;2;181;127;43m██[38;2;174;122;36m██[38;2;191;138;53m██[38;2;212;157;75m██[38;2;208;152;72m████[38;2;128;96;49m██[38;2;107;71;19m██[38;2;141;95;29m██[38;2;40;33;23m██[38;2;177;149;77m██[38;2;248;208;104m██[38;2;159;134;70m██[38;2;163;163;163m  [38;2;237;237;237m  [38;2;75;58;33m██[38;2;208;152;72m████[38;2;71;71;71m  [38;2;255;255;255m                
[38;2;255;255;255m      [38;2;166;133;85m  [38;2;71;71;71m    [38;2;227;227;227m  [38;2;255;255;255m      [38;2;95;85;71m  [38;2;184;147;77m  [38;2;93;74;37m██[38;2;216;175;82m██[38;2;248;208;104m██████████████████[38;2;243;201;100m██[38;2;201;148;63m██[38;2;174;122;36m██[38;2;192;136;56m██[38;2;185;133;59m██[38;2;101;74;36m██[38;2;57;44;26m██[38;2;175;119;39m██[38;2;119;89;46m██[38;2;177;149;77m██[38;2;248;208;104m██[38;2;159;134;70m██[38;2;163;163;163m  [38;2;237;237;237m  [38;2;75;58;33m██[38;2;208;152;72m████[38;2;95;85;71m  [38;2;255;255;255m                
[38;2;255;255;255m                      [38;2;196;196;196m  [38;2;177;156;126m  [38;2;170;119;38m  [38;2;248;208;104m██████████████████████[38;2;237;192;95m██[38;2;186;131;49m██[38;2;147;101;34m██[38;2;132;90;30m██[38;2;201;145;65m██[38;2;208;152;72m██[38;2;119;89;46m██[38;2;177;149;77m██[38;2;248;208;104m██[38;2;183;148;70m██[38;2;187;177;163m  [38;2;245;245;245m  [38;2;143;126;102m  [38;2;196;140;60m██[38;2;208;152;72m██[38;2;199;156;77m  [38;2;207;182;145m  [38;2;240;232;221m  [38;2;255;255;255m            
[38;2;255;255;255m                          [38;2;205;190;166m  [38;2;124;96;43m██[38;2;222;178;81m██[38;2;248;208;104m██████████[38;2;235;190;94m██[38;2;220;169;82m██████[38;2;213;159;76m██[38;2;208;152;72m██[38;2;203;147;67m██[38;2;179;123;43m██[38;2;97;71;33m██[38;2;75;58;33m██[38;2;48;39;25m██[38;2;177;149;77m██[38;2;248;211;110m██[38;2;237;211;132m██[38;2;197;162;100m  [38;2;244;238;230m  [38;2;194;189;181m  [38;2;139;101;46m██[38;2;208;152;72m██[38;2;220;170;81m██[38;2;218;174;77m██[38;2;194;154;86m  [38;2;250;247;242m  [38;2;255;255;255m          
[38;2;255;255;255m                          [38;2;252;252;252m  [38;2;241;239;237m  [38;2;138;135;128m  [38;2;164;124;62m  [38;2;227;187;90m██[38;2;212;178;90m████[38;2;182;135;66m██[38;2;190;139;65m██[38;2;181;130;59m  [38;2;76;68;57m  [38;2;68;63;57m  [38;2;132;101;57m  [38;2;194;140;62m  [38;2;188;138;66m██[38;2;206;150;70m██[38;2;163;110;35m██[38;2;224;218;208m  [38;2;144;140;135m  [38;2;183;153;77m██[38;2;237;196;96m██[38;2;248;221;133m██[38;2;240;218;145m██[38;2;163;126;67m  [38;2;193;193;193m  [38;2;132;102;58m  [38;2;183;134;63m██[38;2;197;141;61m██[38;2;197;148;58m██[38;2;93;77;42m██[38;2;237;237;237m  [38;2;255;255;255m          
[38;2;255;255;255m                                [38;2;250;247;244m  [38;2;166;142;108m  [38;2;108;108;108m      [38;2;147;131;108m  [38;2;235;225;210m  [38;2;255;255;255m      [38;2;195;168;131m  [38;2;116;105;90m  [38;2;174;128;62m██[38;2;208;152;72m██[38;2;136;109;71m  [38;2;226;210;187m  [38;2;205;163;82m  [38;2;129;94;37m██[38;2;233;201;126m██[38;2;204;158;80m██[38;2;61;52;40m  [38;2;255;255;255m  [38;2;221;202;176m  [38;2;127;119;108m  [38;2;126;92;43m██[38;2;116;81;32m██[38;2;116;105;90m  [38;2;244;244;244m  [38;2;255;255;255m          
[38;2;255;255;255m                                                      [38;2;227;227;227m  [38;2;124;112;95m  [38;2;181;133;64m██[38;2;71;71;71m  [38;2;255;255;255m  [38;2;228;213;191m  [38;2;169;158;144m  [38;2;141;99;38m██[38;2;77;55;24m██[38;2;156;152;148m  [38;2;255;255;255m      [38;2;163;163;163m    [38;2;227;227;227m  [38;2;255;255;255m            
[38;2;255;255;255m                                                        [38;2;235;235;235m  [38;2;180;140;83m  [38;2;85;85;85m  [38;2;255;255;255m    [38;2;253;251;249m  [38;2;231;226;218m  [38;2;218;218;218m  [38;2;249;249;249m  [38;2;255;255;255m                        
[38;2;255;255;255m                                                                                                  
[38;2;255;255;255m                                                                                                  [0m
