
[38;2;255;255;255m                                                                                                  
[38;2;255;255;255m                                                                                                  
[38;2;255;255;255m                                                                                                  
[38;2;255;255;255m                                                                                                  
[38;2;255;255;255m                            [38;2;220;220;220m    [38;2;255;255;255m                                                                  
[38;2;255;255;255m                          [38;2;232;232;232m  [38;2;73;73;73m    [38;2;232;232;232m  [38;2;255;255;255m                                                                
[38;2;255;255;255m                          [38;2;218;218;218m  [38;2;19;19;19m████[38;2;204;204;204m  [38;2;255;255;255m                                                                
[38;2;255;255;255m                          [38;2;166;166;166m  [38;2;65;65;65m██[38;2;49;49;49m██[38;2;34;34;34m  [38;2;255;255;255m                                [38;2;244;244;244m  [38;2;181;181;181m    [38;2;244;244;244m  [38;2;255;255;255m                        
[38;2;255;255;255m                          [38;2;48;48;48m  [38;2;102;102;102m██[38;2;78;78;78m██[38;2;32;32;32m  [38;2;166;166;166m  [38;2;255;255;255m                          [38;2;196;196;196m  [38;2;126;126;126m  [38;2;116;116;116m  [38;2;62;62;62m██[38;2;34;34;34m██[38;2;218;218;218m  [38;2;255;255;255m                        
[38;2;255;255;255m                          [38;2;48;48;48m  [38;2;102;102;102m████[38;2;157;129;20m██[38;2;90;90;90m  [38;2;255;255;255m                        [38;2;71;71;71m  [38;2;76;76;76m  [38;2;82;82;82m██[38;2;85;85;85m██[38;2;77;77;77m██[38;2;24;24;24m██[38;2;218;218;218m  [38;2;255;255;255m                        
[38;2;255;255;255m                          [38;2;87;87;87m  [38;2;103;101;81m██[38;2;205;194;30m██[38;2;234;218;1m██[38;2;107;99;70m  [38;2;230;230;230m  [38;2;255;255;255m                [38;2;251;247;237m  [38;2;221;190;91m  [38;2;229;187;0m██[38;2;214;202;24m██[38;2;102;102;102m████[38;2;74;74;74m██[38;2;16;16;16m██[38;2;163;163;163m  [38;2;255;255;255m                          
[38;2;255;255;255m                          [38;2;231;227;217m  [38;2;155;133;5m██[38;2;248;232;0m██[38;2;247;228;0m██[38;2;166;132;5m██[38;2;145;145;145m  [38;2;255;255;255m              [38;2;232;210;155m  [38;2;236;209;95m  [38;2;234;208;0m██[38;2;248;232;0m██[38;2;228;211;13m██[38;2;134;122;77m██[38;2;75;75;75m██[38;2;20;20;20m██[38;2;58;58;58m  [38;2;206;206;206m  [38;2;255;255;255m                          
[38;2;255;255;255m                          [38;2;245;237;216m  [38;2;214;173;0m██[38;2;248;232;0m██[38;2;247;228;0m██[38;2;166;132;5m██[38;2;145;145;145m  [38;2;255;255;255m            [38;2;201;180;146m  [38;2;222;193;12m  [38;2;245;222;0m██[38;2;248;232;0m████[38;2;247;229;0m██[38;2;150;137;20m██[38;2;24;24;24m██[38;2;41;41;41m  [38;2;210;210;210m  [38;2;255;255;255m                            
[38;2;255;255;255m                          [38;2;254;254;252m  [38;2;241;221;145m  [38;2;238;208;0m██[38;2;235;193;0m██[38;2;170;133;4m██[38;2;131;103;27m  [38;2;205;162;38m  [38;2;236;199;38m    [38;2;215;172;25m  [38;2;198;152;20m  [38;2;155;112;20m  [38;2;207;181;8m  [38;2;247;230;0m██[38;2;248;232;0m████[38;2;246;226;0m██[38;2;235;210;1m██[38;2;132;112;26m  [38;2;53;53;53m  [38;2;225;225;225m  [38;2;255;255;255m                              
[38;2;255;255;255m                            [38;2;240;227;195m  [38;2;201;159;38m  [38;2;224;177;4m██[38;2;214;179;46m██[38;2;232;216;86m██[38;2;248;248;120m██████[38;2;248;241;69m██[38;2;246;228;4m██[38;2;242;214;0m██[38;2;248;232;0m████[38;2;246;226;0m██[38;2;242;214;0m██[38;2;170;141;5m██[38;2;139;117;30m  [38;2;176;176;176m  [38;2;255;255;255m            [38;2;242;230;202m  [38;2;231;209;157m  [38;2;255;255;255m                  
[38;2;255;255;255m                            [38;2;250;238;195m  [38;2;217;188;38m  [38;2;236;210;9m██[38;2;248;248;120m████████████[38;2;248;233;9m██[38;2;248;232;0m████[38;2;247;230;0m██[38;2;217;177;0m██[38;2;131;99;5m██[38;2;148;144;128m  [38;2;184;184;184m  [38;2;255;255;255m          [38;2;252;249;243m  [38;2;224;191;98m  [38;2;233;208;85m  [38;2;226;197;17m██[38;2;195;172;134m  [38;2;255;255;255m                
[38;2;255;255;255m                          [38;2;239;233;222m  [38;2;188;153;24m  [38;2;236;218;1m██[38;2;232;217;3m██[38;2;248;238;47m██[38;2;248;247;111m██████[38;2;248;241;68m██[38;2;227;197;19m██[38;2;78;73;28m██[38;2;116;99;9m██[38;2;236;211;0m██[38;2;247;228;0m██[38;2;202;154;0m██[38;2;170;148;108m  [38;2;242;242;242m  [38;2;255;255;255m          [38;2;252;249;243m  [38;2;215;181;81m  [38;2;241;228;64m██[38;2;247;230;10m██[38;2;247;230;4m██[38;2;157;120;59m  [38;2;255;255;255m                
[38;2;255;255;255m                          [38;2;233;213;155m  [38;2;192;153;2m██[38;2;117;105;56m██[38;2;45;44;26m██[38;2;248;232;0m██████████[38;2;87;82;11m██[38;2;144;144;144m██[38;2;32;32;32m██[38;2;159;149;6m██[38;2;247;228;0m██[38;2;232;184;0m██[38;2;116;94;9m██[38;2;200;200;200m  [38;2;255;255;255m      [38;2;252;249;243m  [38;2;240;224;177m  [38;2;224;195;91m  [38;2;242;231;70m██[38;2;246;227;0m██[38;2;243;217;0m██[38;2;235;192;0m██[38;2;173;133;41m  [38;2;234;226;213m  [38;2;255;255;255m              
[38;2;255;255;255m                          [38;2;179;137;20m  [38;2;159;149;6m██[38;2;82;82;82m██[38;2;86;85;67m██[38;2;248;232;0m██████████[38;2;168;145;5m██[38;2;31;29;21m██[38;2;85;75;37m██[38;2;204;184;3m██[38;2;247;228;0m██[38;2;232;184;0m██[38;2;148;112;4m██[38;2;214;208;198m  [38;2;255;255;255m      [38;2;224;197;120m  [38;2;229;205;65m██[38;2;245;231;59m██[38;2;241;211;9m██[38;2;237;199;0m██[38;2;232;184;0m████[38;2;208;160;0m██[38;2;187;161;118m  [38;2;255;255;255m              
[38;2;255;255;255m                        [38;2;187;162;119m  [38;2;210;168;5m  [38;2;211;184;1m██[38;2;68;52;11m██[38;2;177;147;21m██[38;2;248;232;0m██[38;2;198;169;0m██[38;2;217;177;0m██[38;2;248;232;0m████[38;2;245;224;0m██[38;2;198;185;3m██[38;2;214;197;2m██[38;2;235;118;0m██[38;2;230;64;0m██[38;2;232;184;0m██[38;2;219;171;0m██[38;2;103;92;55m  [38;2;255;255;255m  [38;2;247;230;164m  [38;2;237;200;59m  [38;2;237;213;9m  [38;2;248;236;28m██[38;2;240;211;11m██[38;2;233;186;0m██[38;2;232;184;0m██████[38;2;208;160;0m██[38;2;187;161;118m  [38;2;255;255;255m              
[38;2;255;255;255m                        [38;2;90;90;90m  [38;2;225;78;44m██[38;2;246;225;0m██[38;2;248;232;0m██[38;2;247;229;0m██[38;2;236;200;0m██[38;2;233;193;0m██[38;2;231;178;0m████[38;2;217;164;0m██[38;2;234;206;0m██[38;2;248;232;0m██[38;2;239;143;0m██[38;2;224;0;0m██[38;2;220;0;0m██[38;2;193;57;0m██[38;2;219;171;0m██[38;2;80;61;9m██[38;2;153;113;21m██[38;2;179;141;0m██[38;2;237;214;0m██[38;2;233;187;0m██[38;2;232;184;0m████████████[38;2;208;160;0m██[38;2;187;161;118m  [38;2;255;255;255m              
[38;2;255;255;255m                      [38;2;228;218;201m  [38;2;148;141;130m  [38;2;140;31;15m  [38;2;222;150;0m██[38;2;248;232;0m████[38;2;239;216;0m██[38;2;195;83;0m██[38;2;176;0;0m██[38;2;209;33;33m██[38;2;223;113;18m██[38;2;245;224;0m██[38;2;248;232;0m██[38;2;239;143;0m██[38;2;224;0;0m██[38;2;203;0;0m██[38;2;178;42;0m██[38;2;184;148;30m██[38;2;164;118;13m██[38;2;241;228;62m██[38;2;202;174;55m██[38;2;184;143;17m██[38;2;228;180;0m██[38;2;232;184;0m████████████[38;2;196;153;2m██[38;2;159;145;122m  [38;2;255;255;255m              
[38;2;255;255;255m                    [38;2;235;227;214m  [38;2;187;163;81m  [38;2;181;153;80m  [38;2;112;57;10m  [38;2;204;89;0m██[38;2;248;232;0m██████[38;2;209;107;0m██[38;2;214;38;38m██[38;2;236;60;60m██[38;2;221;119;12m██[38;2;248;232;0m████[38;2;245;205;0m██[38;2;210;62;0m██[38;2;181;10;0m██[38;2;188;113;0m██[38;2;193;164;20m██[38;2;235;210;9m██[38;2;248;233;9m██[38;2;230;206;37m██[38;2;153;108;11m██[38;2;224;176;0m██[38;2;232;184;0m██████████[38;2;177;129;0m██[38;2;105;94;50m  [38;2;215;215;215m  [38;2;255;255;255m              
[38;2;255;255;255m                    [38;2;174;143;67m  [38;2;238;225;54m██[38;2;242;224;3m██[38;2;213;166;0m██[38;2;179;136;0m██[38;2;241;223;0m██[38;2;248;232;0m████[38;2;245;222;0m██[38;2;204;81;4m████[38;2;245;222;0m██[38;2;248;232;0m██████[38;2;245;221;0m██[38;2;212;160;0m██[38;2;180;145;0m██[38;2;244;227;0m██[38;2;248;232;0m██[38;2;246;225;0m██[38;2;228;209;1m██[38;2;104;91;9m██[38;2;219;173;1m██[38;2;232;184;0m████[38;2;217;170;0m██[38;2;185;145;14m  [38;2;109;88;46m  [38;2;205;201;193m  [38;2;241;241;241m  [38;2;255;255;255m                
[38;2;255;255;255m                    [38;2;235;223;196m  [38;2;202;160;0m██[38;2;242;214;0m██[38;2;233;186;0m██[38;2;201;152;0m██[38;2;198;159;0m██[38;2;245;226;0m██[38;2;248;232;0m██████████████████[38;2;191;160;0m██[38;2;248;232;0m████[38;2;243;218;0m██[38;2;232;184;0m██[38;2;132;106;7m██[38;2;166;132;5m██[38;2;232;184;0m████[38;2;207;159;0m██[38;2;174;144;84m  [38;2;153;153;153m  [38;2;255;255;255m                      
[38;2;255;255;255m                    [38;2;244;239;232m  [38;2;157;138;89m  [38;2;191;152;3m██[38;2;232;184;0m██[38;2;217;166;0m██[38;2;213;172;0m██[38;2;245;226;0m██[38;2;248;232;0m██████████████████████[38;2;243;216;0m██[38;2;233;188;0m██[38;2;201;160;2m██[38;2;93;69;8m██[38;2;187;144;2m██[38;2;232;184;0m██[38;2;181;144;4m██[38;2;165;147;100m  [38;2;247;245;240m  [38;2;255;255;255m                        
[38;2;255;255;255m                      [38;2;238;238;238m  [38;2;114;109;89m  [38;2;205;163;3m  [38;2;225;178;0m██[38;2;240;212;0m██[38;2;248;232;0m██████████████████████[38;2;243;217;0m██[38;2;233;187;0m██[38;2;232;184;0m██[38;2;88;83;61m  [38;2;226;223;217m  [38;2;179;146;80m  [38;2;220;172;2m  [38;2;219;174;1m██[38;2;119;101;33m  [38;2;212;212;210m  [38;2;255;255;255m                        
[38;2;255;255;255m                          [38;2;111;103;88m  [38;2;186;149;0m██[38;2;248;232;0m██████████████████████[38;2;247;228;0m██[38;2;232;184;0m██[38;2;225;176;0m██[38;2;205;156;0m██[38;2;128;128;128m  [38;2;237;230;219m  [38;2;216;201;177m  [38;2;175;130;14m  [38;2;232;184;0m████[38;2;113;94;22m  [38;2;204;204;204m  [38;2;255;255;255m                      
[38;2;255;255;255m                          [38;2;197;172;110m  [38;2;232;205;0m██[38;2;248;232;0m██████████████████████[38;2;247;228;0m██[38;2;225;176;0m██[38;2;212;160;0m██[38;2;148;99;0m██[38;2;126;126;126m  [38;2;157;143;68m  [38;2;187;144;0m██[38;2;228;180;0m██[38;2;232;184;0m██[38;2;198;150;0m██[38;2;127;103;18m  [38;2;179;179;179m  [38;2;255;255;255m                      
[38;2;255;255;255m                          [38;2;194;150;20m  [38;2;248;232;0m████████████████████████[38;2;247;228;0m██[38;2;229;181;0m██[38;2;228;179;0m██[38;2;152;104;0m██[38;2;192;174;4m██[38;2;207;168;2m██[38;2;233;187;0m██[38;2;220;172;0m██[38;2;119;85;5m██[38;2;164;153;125m  [38;2;208;206;204m  [38;2;255;255;255m                        
[38;2;255;255;255m                      [38;2;241;236;228m  [38;2;158;121;60m  [38;2;217;193;0m██[38;2;248;232;0m████████████████████[38;2;247;228;0m██[38;2;237;198;0m██[38;2;232;184;0m████[38;2;162;120;2m██[38;2;202;157;1m██[38;2;232;184;0m██[38;2;209;166;2m██[38;2;105;94;50m  [38;2;99;99;99m  [38;2;255;255;255m                              
[38;2;255;255;255m                    [38;2;241;236;228m  [38;2;190;167;99m  [38;2;183;158;55m██[38;2;165;118;4m██[38;2;214;189;0m██[38;2;248;232;0m██████████████████[38;2;242;214;0m██[38;2;232;184;0m██████[38;2;116;94;9m██[38;2;105;86;9m██[38;2;232;184;0m██[38;2;178;142;4m██[38;2;136;129;103m  [38;2;247;247;247m  [38;2;255;255;255m                              
[38;2;255;255;255m                    [38;2;236;224;196m  [38;2;189;143;17m██[38;2;236;216;37m██[38;2;199;151;3m██[38;2;193;163;0m██[38;2;216;192;0m██[38;2;248;232;0m██████████████[38;2;246;227;0m██[38;2;235;193;0m██[38;2;232;184;0m██████[38;2;116;94;9m██[38;2;143;143;143m  [38;2;111;87;9m██[38;2;204;151;0m██[38;2;177;138;3m██[38;2;121;118;108m  [38;2;255;255;255m                              
[38;2;255;255;255m                    [38;2;231;222;205m  [38;2;185;140;21m  [38;2;230;183;0m██[38;2;230;182;0m██[38;2;218;169;0m██[38;2;216;182;0m██[38;2;243;222;0m██[38;2;246;227;0m██[38;2;248;232;0m████[38;2;247;230;0m██[38;2;246;225;0m██[38;2;237;199;0m██[38;2;233;187;0m██[38;2;232;184;0m████████[38;2;125;99;7m██[38;2;47;40;28m  [38;2;123;77;1m██[38;2;125;80;1m██[38;2;152;107;2m██[38;2;164;132;14m  [38;2;142;142;142m  [38;2;255;255;255m                            
[38;2;255;255;255m                      [38;2;237;221;183m  [38;2;199;156;30m  [38;2;229;181;0m██[38;2;232;184;0m██[38;2;168;120;0m██[38;2;216;168;0m██[38;2;235;193;0m██[38;2;242;214;0m████[38;2;240;207;0m██[38;2;232;184;0m████████████[38;2;220;172;0m██[38;2;158;110;0m██[38;2;95;61;5m██[38;2;85;55;6m██[38;2;96;80;53m  [38;2;108;108;108m  [38;2;131;131;131m  [38;2;255;255;255m                              
[38;2;255;255;255m                        [38;2;119;107;85m  [38;2;219;173;1m██[38;2;232;184;0m██[38;2;126;96;6m██[38;2;205;162;2m██[38;2;232;184;0m████████████████████[38;2;179;140;3m██[38;2;59;41;10m██[38;2;139;135;128m  [38;2;163;163;163m  [38;2;206;206;206m  [38;2;255;255;255m                                  
[38;2;255;255;255m                        [38;2;230;230;230m  [38;2;145;110;37m  [38;2;68;60;32m  [38;2;138;113;15m  [38;2;210;167;2m██[38;2;215;171;1m██[38;2;220;174;1m██[38;2;228;179;0m██[38;2;232;184;0m████████████[38;2;228;180;0m██[38;2;138;103;11m  [38;2;133;133;133m  [38;2;247;247;247m  [38;2;255;255;255m                                      
[38;2;255;255;255m                              [38;2;153;153;153m  [38;2;90;90;90m    [38;2;131;113;84m  [38;2;145;107;22m  [38;2;173;137;4m██[38;2;215;167;0m██[38;2;232;184;0m██████[38;2;212;164;0m██[38;2;165;132;11m  [38;2;140;140;140m  [38;2;255;255;255m                                          
[38;2;255;255;255m                                      [38;2;170;170;170m  [38;2;127;122;113m  [38;2;90;68;9m██[38;2;181;138;3m██[38;2;196;148;1m██[38;2;116;94;9m██[38;2;86;64;9m██[38;2;141;138;132m  [38;2;255;255;255m                                            
[38;2;255;255;255m                                        [38;2;220;211;197m  [38;2;125;85;4m██[38;2;180;127;1m██[38;2;186;132;1m██[38;2;99;73;8m██[38;2;129;129;129m  [38;2;247;247;247m  [38;2;255;255;255m                                            
[38;2;255;255;255m                                        [38;2;226;215;196m  [38;2;162;111;0m██[38;2;161;110;0m██[38;2;189;137;1m██[38;2;121;94;30m  [38;2;184;184;184m  [38;2;255;255;255m                                              
[38;2;255;255;255m                                        [38;2;239;233;223m  [38;2;162;136;67m  [38;2;117;89;7m██[38;2;130;108;26m  [38;2;176;176;176m  [38;2;255;255;255m                                                
[38;2;255;255;255m                                          [38;2;221;221;221m  [38;2;181;181;181m  [38;2;193;193;193m  [38;2;255;255;255m                                                  
[38;2;255;255;255m                                                                                                  
[38;2;255;255;255m                                                                                                  
[38;2;255;255;255m                                                                                                  
[38;2;255;255;255m                                                                                                  
[38;2;255;255;255m                                                                                                  
[38;2;255;255;255m                                                                                                  [0m
