
[38;2;255;255;255m                                                                                                  
[38;2;255;255;255m                                                                                                  
[38;2;255;255;255m                                                                                                  
[38;2;255;255;255m                                                                                                  
[38;2;255;255;255m                                                                                                  
[38;2;255;255;255m                                                                                                  
[38;2;255;255;255m                                [38;2;254;253;253m  [38;2;242;235;235m  [38;2;249;246;246m  [38;2;255;255;255m        [38;2;250;241;241m  [38;2;247;243;243m  [38;2;255;255;255m                                                
[38;2;255;255;255m                                [38;2;244;236;236m  [38;2;118;13;13m██[38;2;167;104;104m  [38;2;243;237;237m  [38;2;255;255;255m      [38;2;200;73;73m  [38;2;161;86;86m  [38;2;235;225;225m  [38;2;255;255;255m                                              
[38;2;255;255;255m                                [38;2;249;238;238m  [38;2;191;47;47m██[38;2;186;56;56m██[38;2;162;98;98m  [38;2;255;255;255m      [38;2;217;84;84m  [38;2;206;72;72m██[38;2;160;86;86m  [38;2;241;234;234m  [38;2;255;255;255m    [38;2;199;149;149m    [38;2;255;255;255m                                    
[38;2;255;255;255m                                [38;2;249;238;238m  [38;2;196;52;52m██[38;2;223;79;79m██[38;2;187;53;53m██[38;2;156;104;104m  [38;2;255;255;255m    [38;2;217;84;84m  [38;2;228;84;84m██[38;2;191;55;55m██[38;2;145;72;72m  [38;2;255;255;255m    [38;2;151;59;59m  [38;2;198;70;70m  [38;2;199;149;149m  [38;2;255;255;255m        [38;2;208;123;123m  [38;2;255;255;255m                        
[38;2;255;255;255m                                [38;2;250;242;242m  [38;2;204;83;83m  [38;2;233;89;89m██[38;2;221;77;77m██[38;2;187;53;53m██[38;2;162;98;98m  [38;2;243;237;237m  [38;2;210;77;77m  [38;2;223;79;79m██[38;2;208;64;64m██[38;2;151;31;31m  [38;2;228;214;214m  [38;2;255;255;255m  [38;2;151;59;59m  [38;2;219;79;79m██[38;2;183;102;102m  [38;2;245;237;237m  [38;2;255;255;255m    [38;2;206;118;118m  [38;2;218;79;79m██[38;2;139;78;78m  [38;2;255;255;255m                      
[38;2;255;255;255m                [38;2;221;192;192m  [38;2;193;137;137m  [38;2;207;164;164m  [38;2;255;255;255m            [38;2;231;186;186m  [38;2;210;66;66m██[38;2;240;96;96m██[38;2;208;64;64m██[38;2;178;48;48m██[38;2;167;104;104m  [38;2;181;45;45m  [38;2;208;64;64m████[38;2;175;34;34m██[38;2;150;78;78m  [38;2;255;255;255m  [38;2;151;59;59m  [38;2;240;96;96m██[38;2;185;52;52m██[38;2;213;177;177m  [38;2;255;255;255m  [38;2;241;215;215m  [38;2;211;96;96m  [38;2;212;72;72m██[38;2;139;78;78m  [38;2;255;255;255m                      
[38;2;255;255;255m                [38;2;203;130;130m  [38;2;193;56;56m██[38;2;176;52;52m  [38;2;162;78;78m  [38;2;226;201;201m  [38;2;255;255;255m        [38;2;231;186;186m  [38;2;210;66;66m██[38;2;240;96;96m██[38;2;225;81;81m██[38;2;208;64;64m██[38;2;182;50;50m██[38;2;134;21;21m██[38;2;208;64;64m████[38;2;180;36;36m██[38;2;160;39;39m  [38;2;212;174;174m  [38;2;151;59;59m  [38;2;240;96;96m██[38;2;213;72;72m██[38;2;168;68;68m  [38;2;248;241;241m  [38;2;225;169;169m  [38;2;215;71;71m██[38;2;204;64;64m██[38;2;139;78;78m  [38;2;255;255;255m                      
[38;2;255;255;255m                [38;2;252;246;246m  [38;2;197;83;83m  [38;2;230;87;87m██[38;2;204;62;62m██[38;2;162;39;39m  [38;2;135;54;54m  [38;2;232;216;216m  [38;2;245;240;240m  [38;2;255;255;255m  [38;2;247;238;238m  [38;2;198;109;109m  [38;2;224;81;81m██[38;2;234;90;90m██[38;2;211;67;67m██[38;2;208;64;64m██[38;2;187;53;53m██[38;2;151;34;34m██[38;2;208;64;64m██[38;2;204;60;60m██[38;2;172;30;30m██[38;2;149;34;27m  [38;2;101;10;7m  [38;2;215;78;78m██[38;2;209;65;65m██[38;2;147;20;20m██[38;2;233;204;204m  [38;2;202;65;65m  [38;2;220;76;76m██[38;2;207;64;64m██[38;2;173;44;44m  [38;2;195;146;146m  [38;2;255;255;255m                    
[38;2;255;255;255m                  [38;2;218;149;149m  [38;2;221;77;77m██[38;2;231;87;87m██[38;2;212;68;68m██[38;2;183;41;41m██[38;2;134;12;12m██[38;2;164;101;101m  [38;2;245;240;240m  [38;2;213;177;177m  [38;2;145;20;20m██[38;2;187;54;54m██[38;2;204;68;68m██[38;2;225;81;81m██[38;2;208;64;64m██████[38;2;200;56;56m██[38;2;194;50;50m██[38;2;159;22;22m██[38;2;153;89;44m██[38;2;131;81;38m██[38;2;116;15;15m██[38;2;202;58;58m██[38;2;158;24;24m██[38;2;191;125;125m  [38;2;183;44;44m██[38;2;216;72;72m██[38;2;206;62;62m██[38;2;149;22;22m██[38;2;178;137;137m  [38;2;255;255;255m                    
[38;2;255;255;255m                    [38;2;191;47;47m██[38;2;240;96;96m██[38;2;218;74;74m██[38;2;203;59;59m██[38;2;176;32;32m██[38;2;155;24;24m██[38;2;159;98;98m  [38;2;213;177;177m  [38;2;185;52;52m██[38;2;189;52;52m██[38;2;172;39;39m██[38;2;151;31;31m██[38;2;185;52;52m██[38;2;208;64;64m████[38;2;188;44;44m██[38;2;176;32;32m██[38;2;159;22;22m██[38;2;172;108;60m██[38;2;173;157;75m██[38;2;133;74;36m██[38;2;153;28;28m██[38;2;176;32;32m██[38;2;133;9;9m██[38;2;159;34;34m██[38;2;180;49;49m██[38;2;190;46;46m██[38;2;149;22;22m██[38;2;178;137;137m  [38;2;255;255;255m                    
[38;2;255;255;255m                    [38;2;231;183;183m  [38;2;213;75;75m  [38;2;236;92;92m██[38;2;211;67;67m██[38;2;194;50;50m██[38;2;177;33;33m██[38;2;161;29;29m  [38;2;120;29;29m  [38;2;152;21;21m██[38;2;223;79;79m██[38;2;207;64;64m██[38;2;192;54;54m██[38;2;155;27;27m██[38;2;130;22;22m██[38;2;192;51;51m██[38;2;178;34;34m██[38;2;176;32;32m██[38;2;159;22;22m██[38;2;172;108;60m██[38;2;209;193;106m██[38;2;145;113;50m██[38;2;128;20;16m██[38;2;146;16;16m██[38;2;192;52;52m██[38;2;162;39;39m██[38;2;145;23;23m██[38;2;177;33;33m██[38;2;149;22;22m██[38;2;178;137;137m  [38;2;255;255;255m                    
[38;2;255;255;255m                      [38;2;221;158;158m  [38;2;215;73;73m██[38;2;236;92;92m██[38;2;214;70;70m██[38;2;194;50;50m██[38;2;178;34;34m██[38;2;157;25;25m██[38;2;127;10;10m██[38;2;188;53;53m██[38;2;235;91;91m██[38;2;213;69;69m██[38;2;208;64;64m██[38;2;195;57;57m██[38;2;134;21;21m██[38;2;149;22;22m██[38;2;172;30;30m██[38;2;159;22;22m██[38;2;172;108;60m██[38;2;216;200;112m██[38;2;173;157;75m██[38;2;127;78;34m██[38;2;178;51;51m██[38;2;209;65;65m██[38;2;162;39;39m██[38;2;142;20;20m██[38;2;161;24;24m██[38;2;139;18;18m██[38;2;163;100;100m  [38;2;243;237;237m  [38;2;255;255;255m                  
[38;2;255;255;255m            [38;2;193;139;139m  [38;2;182;118;118m      [38;2;199;149;149m  [38;2;226;201;201m  [38;2;170;63;63m  [38;2;234;91;91m██[38;2;228;84;84m██[38;2;208;64;64m██[38;2;194;50;50m██[38;2;176;32;32m████[38;2;133;7;7m██[38;2;240;96;96m██[38;2;233;89;89m██[38;2;213;69;69m██[38;2;208;64;64m██[38;2;187;53;53m██[38;2;153;34;34m██[38;2;136;19;19m██[38;2;159;22;22m██[38;2;155;91;46m██[38;2;209;193;106m██[38;2;203;187;101m██[38;2;127;78;34m██[38;2;193;66;66m██[38;2;224;80;80m██[38;2;162;39;39m██[38;2;124;9;9m██[38;2;138;62;29m██[38;2;115;10;10m██[38;2;138;15;15m██[38;2;151;91;91m  [38;2;255;255;255m                  
[38;2;255;255;255m            [38;2;129;45;45m  [38;2;212;74;74m██████[38;2;179;51;51m  [38;2;151;59;59m  [38;2;130;18;18m  [38;2;212;70;70m██[38;2;237;93;93m██[38;2;217;73;73m██[38;2;207;63;63m██[38;2;193;49;49m██[38;2;176;32;32m██[38;2;166;26;26m██[38;2;169;39;39m██[38;2;240;96;96m██[38;2;235;91;91m██[38;2;210;66;66m██[38;2;208;64;64m████[38;2;181;48;48m██[38;2;129;5;5m██[38;2;142;78;34m██[38;2;203;187;101m████[38;2;152;129;57m██[38;2;210;101;82m██[38;2;225;84;84m██[38;2;130;9;9m██[38;2;163;95;53m██[38;2;160;134;62m██[38;2;102;2;2m██[38;2;162;30;30m██[38;2;111;11;11m██[38;2;255;255;255m                  
[38;2;255;255;255m            [38;2;245;240;240m  [38;2;151;63;63m  [38;2;220;82;82m██[38;2;233;89;89m████[38;2;221;77;77m██[38;2;208;64;64m██[38;2;147;18;18m██[38;2;208;67;67m██[38;2;235;91;91m██[38;2;212;68;68m██[38;2;208;64;64m██[38;2;195;51;51m██[38;2;178;34;34m██[38;2;146;17;17m██[38;2;208;67;67m██[38;2;233;89;89m██[38;2;210;66;66m██[38;2;208;64;64m████[38;2;186;50;48m██[38;2;130;59;21m██[38;2;145;86;37m██[38;2;182;129;72m██[38;2;216;200;112m██[38;2;190;174;90m██[38;2;196;95;71m██[38;2;159;72;43m██[38;2;216;200;112m██[38;2;208;192;105m██[38;2;151;116;55m██[38;2;149;35;35m██[38;2;208;64;64m██[38;2;116;15;15m██[38;2;255;255;255m                  
[38;2;255;255;255m              [38;2;227;213;213m  [38;2;158;73;73m  [38;2;184;46;46m██[38;2;208;64;64m████[38;2;198;54;54m██[38;2;173;31;31m██[38;2;161;29;29m██[38;2;174;41;41m██[38;2;167;34;34m██████[38;2;154;21;21m██[38;2;143;13;13m██[38;2;142;16;16m██[38;2;185;45;45m██[38;2;207;63;63m██[38;2;202;58;58m██[38;2;177;40;40m██[38;2;134;57;22m██[38;2;183;167;82m██[38;2;216;200;112m██[38;2;176;117;66m██[38;2;216;200;112m██[38;2;202;186;100m██[38;2;171;116;62m██[38;2;212;192;107m██[38;2;216;200;112m██[38;2;182;166;82m██[38;2;122;30;17m██[38;2;235;91;91m██[38;2;215;71;71m██[38;2;116;15;15m██[38;2;193;137;137m  [38;2;186;137;137m  [38;2;178;137;137m  [38;2;249;246;246m  [38;2;255;255;255m          
[38;2;255;255;255m                [38;2;227;213;213m  [38;2;136;48;48m  [38;2;186;42;42m████[38;2;152;20;20m██[38;2;137;10;10m██[38;2;163;32;32m██[38;2;203;66;66m████████[38;2;186;49;49m██[38;2;181;44;44m████[38;2;151;20;20m██[38;2;182;39;39m██[38;2;182;38;38m██[38;2;142;12;12m██[38;2;134;102;33m██[38;2;185;173;103m██[38;2;122;85;57m██[38;2;127;62;34m██[38;2;216;200;112m████████[38;2;201;185;99m██[38;2;136;89;42m██[38;2;192;65;62m██[38;2;240;96;96m██[38;2;190;55;55m██[38;2;102;5;5m██[38;2;131;83;27m██[38;2;133;89;34m██[38;2;97;24;7m██[38;2;242;235;235m  [38;2;255;255;255m          
[38;2;255;255;255m                [38;2;244;234;234m  [38;2;224;201;201m  [38;2;114;8;8m██[38;2;162;27;27m██[38;2;130;8;8m██[38;2;204;70;70m██[38;2;232;90;90m██[38;2;235;91;91m██[38;2;214;70;70m██[38;2;209;65;65m██[38;2;201;59;59m██[38;2;195;55;55m██[38;2;194;54;54m██[38;2;169;36;36m██[38;2;136;11;11m██[38;2;138;12;12m████[38;2;127;5;5m██[38;2;134;102;34m██[38;2;173;164;111m██[38;2;152;149;141m██[38;2;153;146;143m██[38;2;125;58;32m██[38;2;216;200;112m████[38;2;200;182;98m██[38;2;155;124;56m██[38;2;133;60;27m██[38;2;164;119;60m██[38;2;226;97;88m██[38;2;157;49;43m██[38;2;142;107;48m██[38;2;148;132;52m██[38;2;124;66;20m██[38;2;203;166;164m  [38;2;254;253;253m  [38;2;255;255;255m          
[38;2;255;255;255m            [38;2;211;172;172m  [38;2;203;157;157m  [38;2;183;92;92m  [38;2;166;37;37m██[38;2;162;37;37m██[38;2;146;37;37m██[38;2;138;28;28m██[38;2;132;20;20m██[38;2;174;52;52m██[38;2;190;55;55m██[38;2;207;63;63m██[38;2;190;46;46m██[38;2;139;15;15m██[38;2;153;28;28m██[38;2;166;37;37m██[38;2;191;55;55m██[38;2;220;76;76m████[38;2;216;72;72m██[38;2;167;32;32m██[38;2;136;73;34m██[38;2;183;183;172m██[38;2;128;110;105m██[38;2;131;97;95m██[38;2;118;46;26m██[38;2;216;200;112m████[38;2;177;151;76m██[38;2;128;55;25m██[38;2;143;110;49m██[38;2;160;144;64m██[38;2;152;117;52m██[38;2;149;103;46m██[38;2;151;135;55m██[38;2;127;102;29m██[38;2;138;82;56m  [38;2;223;207;207m  [38;2;255;255;255m            
[38;2;255;255;255m          [38;2;204;158;158m  [38;2;190;65;65m  [38;2;194;59;59m██[38;2;219;79;79m██[38;2;240;96;96m██[38;2;220;76;76m████[38;2;212;68;68m██[38;2;173;33;33m██[38;2;129;12;12m██[38;2;124;15;15m██[38;2;137;25;25m██[38;2;176;32;32m██[38;2;129;15;15m██[38;2;133;28;28m██[38;2;240;96;96m████[38;2;226;82;82m██[38;2;220;76;76m██[38;2;216;72;72m██[38;2;200;56;56m██[38;2;167;41;40m██[38;2;199;196;170m██[38;2;100;78;55m██[38;2;86;10;10m██[38;2;121;84;26m██[38;2;216;200;112m████[38;2;207;191;105m██[38;2;160;144;64m██████[38;2;154;138;58m██[38;2;140;124;44m██[38;2;127;62;20m██[38;2;126;69;46m  [38;2;227;202;202m  [38;2;255;255;255m              
[38;2;255;255;255m          [38;2;242;231;231m  [38;2;141;62;62m  [38;2;149;43;43m  [38;2;204;64;64m██[38;2;209;66;66m██[38;2;206;62;62m██[38;2;192;49;49m██[38;2;177;34;34m██[38;2;139;12;12m██[38;2;158;27;27m██[38;2;190;53;53m██[38;2;158;27;27m██[38;2;107;7;7m██[38;2;105;8;8m██[38;2;149;24;24m██[38;2;119;19;19m██[38;2;155;37;37m██[38;2;200;61;61m██[38;2;199;59;59m██[38;2;200;59;59m██[38;2;204;61;61m██[38;2;198;67;66m██[38;2;165;100;90m██[38;2;210;209;190m██[38;2;123;60;51m██[38;2;202;186;99m██[38;2;216;200;112m██[38;2;213;197;109m██[38;2;159;130;64m██[38;2;107;37;24m██[38;2;100;26;14m██[38;2;147;121;52m██[38;2;132;86;31m  [38;2;118;37;25m  [38;2;205;174;172m  [38;2;235;225;225m  [38;2;255;255;255m                
[38;2;255;255;255m              [38;2;219;201;201m  [38;2;139;78;78m  [38;2;147;35;35m  [38;2;149;22;22m██[38;2;148;21;21m██[38;2;147;20;20m██[38;2;203;61;61m██[38;2;204;60;60m██[38;2;168;34;34m██[38;2;156;28;28m██[38;2;179;47;47m██[38;2;218;74;74m██[38;2;187;49;49m██[38;2;170;44;39m██[38;2;122;44;20m██[38;2;110;44;20m██[38;2;98;32;7m██[38;2;139;65;39m██[38;2;176;79;53m██[38;2;198;182;164m██[38;2;180;180;169m██[38;2;188;188;179m██[38;2;220;207;136m██[38;2;216;200;112m██[38;2;208;192;105m██[38;2;158;142;61m██[38;2;107;34;26m██[38;2;162;135;128m██[38;2;101;36;36m██[38;2;117;85;23m  [38;2;190;133;133m  [38;2;255;255;255m                      
[38;2;255;255;255m                [38;2;216;181;181m  [38;2;123;27;27m  [38;2;153;34;34m██[38;2;178;48;48m██[38;2;196;52;52m██[38;2;191;47;47m██[38;2;167;34;34m██[38;2;154;37;37m██[38;2;215;75;75m██[38;2;218;74;74m██[38;2;187;85;85m██[38;2;148;83;50m██[38;2;179;127;72m██[38;2;203;191;111m████[38;2;139;124;43m██[38;2;169;154;72m██[38;2;190;176;93m██[38;2;155;146;93m██[38;2;180;180;169m██[38;2;188;188;179m██[38;2;226;221;179m██[38;2;209;193;106m██[38;2;174;158;76m██[38;2;140;124;44m██[38;2;122;75;29m██[38;2;92;43;0m██[38;2;145;101;84m  [38;2;187;175;146m  [38;2;255;255;255m                        
[38;2;255;255;255m              [38;2;223;195;195m  [38;2;171;54;54m  [38;2;188;49;49m██[38;2;202;58;58m██[38;2;183;39;39m██[38;2;131;17;17m██[38;2;108;7;7m██[38;2;136;23;23m██[38;2;202;63;63m██[38;2;182;47;47m██[38;2;103;70;70m██[38;2;147;132;125m██[38;2;199;187;118m██[38;2;217;202;114m██[38;2;222;207;121m████[38;2;155;139;59m██[38;2;121;105;25m██[38;2;160;144;64m██[38;2;114;99;24m██[38;2;195;195;181m██[38;2;171;171;163m██[38;2;215;215;202m██[38;2;225;222;189m██[38;2;159;155;130m██[38;2;101;50;32m██[38;2;122;61;43m  [38;2;218;215;196m  [38;2;241;239;232m  [38;2;255;255;255m                          
[38;2;255;255;255m              [38;2;223;195;195m  [38;2;121;27;27m  [38;2;97;20;6m██[38;2;105;33;15m██[38;2;100;18;8m██[38;2;149;109;52m██[38;2;152;128;57m██[38;2;105;33;15m██[38;2;100;29;10m██[38;2;122;40;37m██[38;2;181;181;173m██[38;2;172;172;165m██[38;2;135;126;79m██[38;2;140;127;66m██[38;2;149;135;65m██[38;2;160;144;64m██[38;2;142;101;48m██[38;2;120;37;36m██[38;2;118;51;47m██[38;2;215;205;190m██[38;2;224;224;208m██[38;2;203;203;187m██[38;2;124;124;118m██[38;2;102;102;98m██[38;2;135;126;118m██[38;2;141;88;84m  [38;2;245;240;240m  [38;2;255;255;255m                              
[38;2;255;255;255m              [38;2;231;219;219m  [38;2;149;91;71m  [38;2;138;109;39m██[38;2;153;137;57m██[38;2;146;104;42m██[38;2;200;167;93m██[38;2;184;168;85m██[38;2;160;144;64m██[38;2;149;133;53m██[38;2;144;142;128m██[38;2;209;209;196m██[38;2;152;152;144m██[38;2;146;146;138m██[38;2;124;124;119m██[38;2;113;90;71m██[38;2;127;78;34m██[38;2;143;102;92m██[38;2;184;184;174m██[38;2;225;225;209m██[38;2;232;232;216m██[38;2;227;227;211m██[38;2;208;208;192m██[38;2;200;200;184m██[38;2;186;186;172m██[38;2;118;93;71m██[38;2;205;188;177m  [38;2;255;255;255m                                
[38;2;255;255;255m              [38;2;205;194;177m  [38;2;145;119;47m██[38;2;167;151;69m██[38;2;145;129;49m██[38;2;151;135;52m██[38;2;216;200;112m██[38;2;213;197;110m██[38;2;184;168;84m██[38;2;150;141;95m██[38;2;187;186;174m██[38;2;140;140;133m██[38;2;209;209;196m██[38;2;215;215;199m██[38;2;109;95;92m██[38;2;132;86;81m██[38;2;181;154;143m██[38;2;220;217;202m██[38;2;226;226;210m██[38;2;232;232;216m██[38;2;213;213;197m██[38;2;207;207;191m██[38;2;200;200;184m██[38;2;166;166;158m██[38;2;111;109;92m██[38;2;104;91;24m██[38;2;206;201;177m  [38;2;255;255;255m                                
[38;2;255;255;255m            [38;2;243;237;237m  [38;2;133;72;45m  [38;2;212;196;108m██[38;2;173;157;75m██[38;2;144;112;49m██[38;2;147;96;52m██[38;2;216;200;112m████[38;2;194;178;94m██[38;2;139;133;102m██[38;2;101;90;88m██[38;2;194;180;168m██[38;2;136;128;114m██[38;2;100;46;32m██[38;2;116;94;43m██[38;2;195;192;176m██[38;2;202;202;186m██████[38;2;196;196;182m██[38;2;182;182;169m██[38;2;174;174;164m  [38;2;133;133;131m  [38;2;96;33;33m  [38;2;125;110;34m██[38;2;113;71;20m██[38;2;107;75;19m  [38;2;224;213;207m  [38;2;255;255;255m                              
[38;2;255;255;255m            [38;2;242;238;235m  [38;2;130;83;34m██[38;2;204;188;102m██[38;2;168;152;71m██[38;2;143;111;49m██[38;2;147;92;52m██[38;2;216;200;112m████[38;2;194;178;94m██[38;2;127;117;67m██[38;2;113;61;30m██[38;2;103;43;12m██[38;2;117;80;23m██[38;2;128;112;32m██[38;2;114;46;42m██[38;2;200;200;184m██[38;2;183;183;171m██[38;2;153;153;143m██[38;2;151;151;141m██[38;2;138;109;106m██[38;2;101;58;58m  [38;2;177;177;177m  [38;2;255;255;255m  [38;2;176;134;134m  [38;2;116;79;23m██[38;2;128;112;32m██[38;2;119;103;23m██[38;2;108;55;26m  [38;2;215;195;195m  [38;2;255;255;255m                            
[38;2;255;255;255m            [38;2;173;164;120m  [38;2;184;168;82m██[38;2;186;170;86m██[38;2;160;144;64m██[38;2;110;54;19m██[38;2;116;85;20m██[38;2;193;177;91m██[38;2;216;200;112m██[38;2;208;192;105m██[38;2;173;157;75m██[38;2;158;142;62m██[38;2;128;112;32m██████[38;2;96;28;27m██[38;2;121;121;115m██[38;2;128;121;85m██[38;2;108;99;49m██[38;2;108;102;72m██[38;2;123;94;94m██[38;2;131;88;88m  [38;2;142;142;142m  [38;2;203;203;203m  [38;2;255;255;255m  [38;2;97;26;7m██[38;2;128;112;32m██[38;2;123;114;68m██[38;2;120;110;84m██[38;2;127;106;106m  [38;2;148;115;115m  [38;2;239;231;231m  [38;2;255;255;255m                        
[38;2;255;255;255m            [38;2;129;111;48m  [38;2;201;185;100m██[38;2;161;142;65m██[38;2;122;63;36m  [38;2;230;219;216m  [38;2;171;138;125m  [38;2;174;138;78m  [38;2;215;199;111m██[38;2;216;200;112m██[38;2;208;192;105m██[38;2;166;150;69m██[38;2;144;128;48m██[38;2;125;106;30m██[38;2;102;42;11m██[38;2;201;187;173m  [38;2;110;97;33m  [38;2;122;103;31m██[38;2;126;106;42m██[38;2;133;127;120m██[38;2;166;166;159m██[38;2;181;181;170m██[38;2;131;131;130m██[38;2;120;120;118m  [38;2;212;206;206m  [38;2;201;174;172m  [38;2;119;76;64m  [38;2;134;124;121m██[38;2;143;143;141m██[38;2;181;181;169m██[38;2;119;111;106m██[38;2;116;114;112m  [38;2;246;241;241m  [38;2;255;255;255m                      
[38;2;255;255;255m            [38;2;124;55;48m  [38;2;192;169;91m██[38;2;139;88;63m  [38;2;228;214;214m  [38;2;255;255;255m    [38;2;175;133;133m  [38;2;180;143;83m  [38;2;216;200;112m██[38;2;175;159;76m██[38;2;148;132;52m██[38;2;114;98;18m██[38;2;103;60;10m██[38;2;105;77;10m██[38;2;204;201;182m  [38;2;174;169;143m  [38;2;141;96;78m  [38;2;139;78;78m  [38;2;131;93;93m  [38;2;119;103;103m██[38;2;125;98;97m██[38;2;166;138;127m████[38;2;106;32;29m██[38;2;255;255;255m  [38;2;212;174;174m  [38;2;136;53;53m  [38;2;122;90;90m██[38;2;121;94;94m██[38;2;148;121;115m██[38;2;160;128;118m██[38;2;139;78;78m  [38;2;255;255;255m                      
[38;2;255;255;255m            [38;2;118;46;43m  [38;2;157;106;78m  [38;2;219;201;201m  [38;2;255;255;255m      [38;2;193;160;160m  [38;2;143;99;53m  [38;2;216;200;112m██[38;2;191;175;89m██[38;2;134;118;37m██[38;2;118;102;22m██[38;2;128;112;32m██[38;2;131;122;75m██[38;2;123;117;87m██[38;2;180;180;171m  [38;2;178;178;175m  [38;2;247;247;247m  [38;2;223;223;223m  [38;2;175;150;150m  [38;2;178;137;137m        [38;2;255;255;255m    [38;2;217;217;217m  [38;2;180;142;142m  [38;2;178;137;137m      [38;2;202;174;174m  [38;2;255;255;255m                      
[38;2;255;255;255m            [38;2;222;205;205m  [38;2;228;214;214m  [38;2;255;255;255m        [38;2;139;78;78m  [38;2;156;135;61m██[38;2;189;173;89m██[38;2;216;200;112m██[38;2;162;146;65m██[38;2;145;129;49m██[38;2;128;112;32m██[38;2;191;187;159m██[38;2;196;196;186m██[38;2;151;151;147m██[38;2;164;164;155m██[38;2;150;98;97m  [38;2;255;255;255m                                                  
[38;2;255;255;255m                          [38;2;136;74;74m  [38;2;134;86;55m  [38;2;144;118;49m██[38;2;143;111;49m██[38;2;136;103;42m██[38;2;180;165;128m██[38;2;226;226;210m██[38;2;225;225;209m████[38;2;173;173;166m██[38;2;143;132;129m██[38;2;144;95;95m  [38;2;240;232;232m  [38;2;255;255;255m                                              
[38;2;255;255;255m                            [38;2;222;219;202m  [38;2;167;134;118m  [38;2;165;118;118m    [38;2;161;139;135m  [38;2;151;119;111m██[38;2;148;108;99m██████[38;2;143;102;95m██[38;2;104;45;45m██[38;2;191;157;157m  [38;2;255;255;255m                                              
[38;2;255;255;255m                                    [38;2;225;225;225m  [38;2;202;182;182m  [38;2;204;177;177m          [38;2;235;225;225m  [38;2;255;255;255m                                              
[38;2;255;255;255m                                                                                                  
[38;2;255;255;255m                                                                                                  
[38;2;255;255;255m                                                                                                  
[38;2;255;255;255m                                                                                                  
[38;2;255;255;255m                                                                                                  
[38;2;255;255;255m                                                                                                  [0m
