
[38;2;255;255;255m                                                                [38;2;235;214;232m  [38;2;230;205;227m  [38;2;255;255;255m                              
[38;2;255;255;255m                                                            [38;2;241;228;240m  [38;2;203;141;196m  [38;2;174;60;161m  [38;2;150;29;135m  [38;2;210;183;205m  [38;2;255;255;255m                            
[38;2;255;255;255m                                                            [38;2;168;68;156m  [38;2;177;36;161m██[38;2;174;30;158m██[38;2;141;14;126m██[38;2;116;98;113m  [38;2;255;255;255m                            
[38;2;255;255;255m                                                        [38;2;244;234;243m  [38;2;168;71;156m  [38;2;187;44;171m██[38;2;176;32;160m██[38;2;161;17;145m██[38;2;138;14;124m██[38;2;107;98;106m  [38;2;255;255;255m                            
[38;2;255;255;255m                                                      [38;2;240;225;238m  [38;2;177;82;166m  [38;2;183;41;167m██[38;2;175;31;159m██[38;2;160;16;144m████[38;2;150;24;135m  [38;2;195;158;189m  [38;2;255;255;255m                            
[38;2;255;255;255m                                                    [38;2;249;243;248m  [38;2;174;77;162m  [38;2;181;39;165m██[38;2;177;33;161m██[38;2;160;16;144m██████[38;2;135;40;121m  [38;2;255;255;255m                              
[38;2;255;255;255m                                                    [38;2;240;222;238m  [38;2;168;26;152m██[38;2;177;33;161m██[38;2;161;17;145m██[38;2;160;16;144m████[38;2;158;15;142m██[38;2;78;55;75m  [38;2;255;255;255m                              
[38;2;255;255;255m                                                  [38;2;231;207;228m  [38;2;162;42;147m  [38;2;189;45;173m██[38;2;170;26;154m██[38;2;160;16;144m████[38;2;137;14;124m██[38;2;95;3;84m██[38;2;242;235;241m  [38;2;255;255;255m                              
[38;2;255;255;255m                                                  [38;2;187;103;178m  [38;2;183;41;167m██[38;2;170;26;154m██[38;2;160;16;144m████[38;2;139;7;123m██[38;2;131;67;122m  [38;2;137;137;137m  [38;2;246;246;246m  [38;2;255;255;255m                              
[38;2;255;255;255m                                                [38;2;217;180;213m  [38;2;174;48;160m  [38;2;188;44;172m██[38;2;160;16;144m██████[38;2;140;9;124m██[38;2;169;118;161m  [38;2;255;255;255m                                  
[38;2;255;255;255m            [38;2;231;205;228m  [38;2;205;142;198m  [38;2;143;11;127m████[38;2;146;54;96m██[38;2;137;93;78m████████[38;2;204;183;160m  [38;2;224;214;212m  [38;2;220;209;213m  [38;2;239;234;236m  [38;2;255;255;255m        [38;2;235;216;233m  [38;2;153;18;137m██[38;2;187;43;171m██[38;2;164;20;148m██[38;2;160;16;144m████████[38;2;120;9;106m██[38;2;199;177;195m  [38;2;255;255;255m                                
[38;2;255;255;255m          [38;2;219;183;214m  [38;2;153;29;139m  [38;2;180;36;164m██[38;2;192;48;176m████[38;2;209;125;120m██[38;2;222;138;133m████[38;2;226;150;127m██[38;2;248;216;96m██[38;2;237;205;85m██[38;2;180;140;82m██[38;2;170;130;83m██[38;2;206;180;128m  [38;2;197;177;170m  [38;2;201;184;190m  [38;2;255;255;255m    [38;2;195;129;187m  [38;2;171;32;155m██[38;2;172;28;156m██[38;2;160;16;144m██████████[38;2;86;9;78m██[38;2;177;177;177m  [38;2;255;255;255m                                
[38;2;255;255;255m          [38;2;177;98;167m  [38;2;177;42;162m██[38;2;216;165;224m██[38;2;200;97;196m██[38;2;192;48;176m██████[38;2;177;33;161m██[38;2;172;34;150m██[38;2;187;78;129m██[38;2;211;149;95m██[38;2;226;194;74m████[38;2;232;200;80m██[38;2;212;176;88m██[38;2;190;146;99m  [38;2;145;78;134m    [38;2;139;13;124m  [38;2;183;39;167m██[38;2;164;20;148m██[38;2;160;16;144m████[38;2;148;10;132m██[38;2;70;5;62m██[38;2;65;5;57m██[38;2;144;84;135m  [38;2;231;231;231m  [38;2;255;255;255m                                
[38;2;255;255;255m          [38;2;177;98;167m  [38;2;207;169;218m██[38;2;246;246;248m██[38;2;237;226;245m██[38;2;218;193;237m██[38;2;190;66;180m██[38;2;169;36;157m██[38;2;162;18;146m██[38;2;160;16;144m████[38;2;163;24;140m██[38;2;208;160;75m██[38;2;216;184;64m██[38;2;189;102;105m██[38;2;167;31;140m██[38;2;213;162;84m██[38;2;223;169;102m██[38;2;142;54;94m██[38;2;119;8;103m██[38;2;170;30;154m██[38;2;156;15;140m██[38;2;160;16;144m████[38;2;132;9;116m██[38;2;187;151;182m  [38;2;237;235;237m  [38;2;248;244;248m  [38;2;255;255;255m                                  
[38;2;255;255;255m          [38;2;177;98;167m  [38;2;230;210;227m██[38;2;248;248;248m██[38;2;236;230;246m██[38;2;218;203;241m██[38;2;216;200;240m██[38;2;209;157;222m██[38;2;188;93;187m██[38;2;171;31;156m██[38;2;160;16;144m████[38;2;191;108;100m██[38;2;216;184;64m██[38;2;186;94;107m██[38;2;160;16;144m████████[38;2;157;14;141m██[38;2;128;4;112m██[38;2;133;6;117m██[38;2;158;15;142m██[38;2;160;16;144m████[38;2;130;8;114m██[38;2;180;180;180m  [38;2;255;255;255m                                    
[38;2;255;255;255m          [38;2;225;195;221m  [38;2;204;189;207m  [38;2;245;243;248m██[38;2;226;215;244m██[38;2;216;200;240m████████[38;2;206;144;215m██[38;2;181;86;180m██[38;2;160;16;144m██[38;2;164;29;138m██[38;2;205;152;79m██[38;2;170;46;130m██[38;2;160;16;144m██████████[38;2;155;14;139m██[38;2;148;10;132m██[38;2;125;7;109m██[38;2;133;9;117m██[38;2;160;16;144m████[38;2;59;59;59m  [38;2;255;255;255m                                    
[38;2;255;255;255m            [38;2;192;181;198m  [38;2;238;235;244m██[38;2;204;192;217m██[38;2;182;167;191m██[38;2;189;174;201m██[38;2;212;196;235m██[38;2;215;199;238m██[38;2;216;200;240m██[38;2;213;189;234m██[38;2;196;100;195m██[38;2;167;26;150m██[38;2;164;34;134m██[38;2;156;15;140m██[38;2;142;8;126m██[38;2;113;6;97m██████[38;2;139;7;123m██[38;2;157;15;141m██[38;2;155;15;139m██[38;2;149;13;133m██[38;2;120;2;104m██[38;2;133;9;117m██[38;2;149;15;134m██[38;2;74;74;74m  [38;2;255;255;255m                                    
[38;2;255;255;255m            [38;2;248;247;249m  [38;2;171;148;181m██[38;2;216;197;222m██[38;2;240;237;246m██[38;2;216;210;219m██[38;2;188;175;197m██[38;2;180;147;192m██[38;2;213;195;236m██[38;2;216;200;240m████[38;2;197;105;197m██[38;2;133;9;117m██[38;2;133;10;117m██[38;2;182;40;166m██[38;2;133;33;122m████[38;2;174;43;159m██[38;2;185;43;169m██[38;2;139;15;123m██[38;2;126;15;110m██[38;2;146;12;130m██[38;2;140;9;124m██[38;2;121;2;105m██[38;2;24;0;21m██[38;2;255;255;255m                                      
[38;2;255;255;255m            [38;2;252;251;252m  [38;2;178;144;176m  [38;2;178;134;170m██[38;2;174;128;176m██[38;2;157;111;153m██[38;2;203;176;205m██[38;2;134;55;106m██[38;2;155;101;156m██[38;2;200;184;219m██[38;2;216;200;240m██[38;2;207;185;228m██[38;2;110;2;94m██[38;2;160;20;144m██[38;2;108;24;99m██[38;2;92;36;39m██[38;2;105;32;29m██[38;2;87;27;71m██[38;2;176;42;161m██[38;2;160;32;144m██[38;2;192;48;176m██[38;2;166;29;150m██[38;2;146;20;130m██[38;2;126;3;110m██[38;2;79;0;68m██[38;2;149;149;149m  [38;2;255;255;255m                                    
[38;2;255;255;255m              [38;2;223;213;224m  [38;2;140;85;135m██[38;2;109;46;84m████[38;2;135;56;104m██[38;2;148;67;87m██[38;2;122;68;98m██[38;2;174;134;184m██[38;2;180;141;193m██[38;2;214;196;237m██[38;2;162;107;167m██[38;2;121;2;105m██[38;2;31;1;28m██[38;2;221;88;75m██[38;2;230;133;124m██[38;2;66;16;12m██[38;2;151;37;138m██[38;2;78;9;70m██[38;2;137;16;121m██[38;2;181;42;165m██[38;2;187;45;171m██[38;2;160;24;144m██[38;2;113;3;97m██[38;2;87;14;75m  [38;2;189;149;183m  [38;2;255;255;255m                                  
[38;2;255;255;255m              [38;2;211;178;206m  [38;2;171;115;174m██[38;2;143;109;130m██[38;2;143;69;85m██[38;2;152;72;88m████[38;2;130;87;100m██[38;2;231;225;239m██[38;2;155;101;159m██[38;2;180;141;193m██[38;2;188;153;202m██[38;2;126;21;114m██[38;2;128;0;112m██[38;2;126;9;76m██[38;2;162;45;51m██[38;2;62;20;44m██[38;2;98;10;88m██[38;2;62;6;55m████[38;2;138;16;124m██[38;2;192;48;176m██[38;2;175;31;159m██[38;2;135;4;119m██[38;2;122;0;106m██[38;2;66;0;56m██[38;2;143;136;141m  [38;2;250;250;250m  [38;2;255;255;255m                              
[38;2;255;255;255m              [38;2;239;215;237m  [38;2;190;130;182m  [38;2;170;148;175m██[38;2;150;109;134m██[38;2;140;68;84m██[38;2;152;72;88m██[38;2;137;79;93m██[38;2;165;140;152m██[38;2;195;178;199m██[38;2;164;113;169m██[38;2;178;136;189m██[38;2;161;92;163m██[38;2;125;0;109m██[38;2;124;0;108m██[38;2;87;0;75m██[38;2;119;6;105m██[38;2;18;1;16m██[38;2;60;3;53m██[38;2;33;3;30m██[38;2;137;15;123m██[38;2;177;33;161m██[38;2;160;20;144m██[38;2;132;2;116m██[38;2;131;2;115m██[38;2;128;4;112m██[38;2;65;0;55m██[38;2;148;145;148m  [38;2;255;255;255m                              
[38;2;255;255;255m                [38;2;229;213;226m  [38;2;177;158;182m  [38;2;207;192;205m██[38;2;126;63;79m██[38;2;152;72;88m██[38;2;150;71;87m██[38;2;124;63;79m██[38;2;193;174;180m██[38;2;152;118;139m██[38;2;111;46;91m██[38;2;158;103;162m██[38;2;140;32;130m██[38;2;128;0;112m████[38;2;67;0;58m██[38;2;72;0;61m██[38;2;73;0;63m██[38;2;41;0;34m██[38;2;127;4;112m██[38;2;131;5;115m██[38;2;110;2;94m██[38;2;106;0;90m██[38;2;147;10;131m██[38;2;144;8;128m██[38;2;128;3;112m██[38;2;99;39;90m  [38;2;255;255;255m                              
[38;2;255;255;255m                  [38;2;250;249;250m  [38;2;130;55;117m  [38;2;131;52;97m  [38;2;149;69;88m██[38;2;152;72;88m██[38;2;151;72;88m██[38;2;132;72;88m██[38;2;144;71;87m██[38;2;148;69;87m██[38;2;129;45;91m██[38;2;174;131;179m██[38;2;118;24;107m██[38;2;125;0;109m██[38;2;121;0;106m██[38;2;110;0;96m██[38;2;54;0;46m██[38;2;113;0;98m██[38;2;125;0;109m██[38;2;116;5;100m██[38;2;168;28;152m██[38;2;183;43;167m██[38;2;115;8;99m██[38;2;119;5;103m██[38;2;124;0;108m██[38;2;111;3;97m  [38;2;119;110;118m  [38;2;255;255;255m                            
[38;2;255;255;255m                      [38;2;182;137;174m  [38;2;135;50;86m██[38;2;152;72;88m████████████[38;2;129;64;80m██[38;2;166;129;168m██[38;2;130;41;122m██[38;2;124;0;108m██[38;2;128;0;112m██████[38;2;126;0;110m██[38;2;117;3;101m██[38;2;142;10;126m██[38;2;172;30;156m██[38;2;180;36;164m██[38;2;158;28;142m██[38;2;133;18;117m██[38;2;114;1;98m██[38;2;119;60;110m  [38;2;217;217;217m  [38;2;255;255;255m                          
[38;2;255;255;255m                  [38;2;195;134;187m  [38;2;177;98;167m  [38;2;140;53;127m  [38;2;114;43;79m██[38;2;150;71;87m██[38;2;152;72;88m████████████[38;2;137;76;94m██[38;2;158;117;156m██[38;2;141;38;132m██[38;2;128;0;112m████████[38;2;118;0;102m██[38;2;113;0;97m██[38;2;137;5;121m██[38;2;145;8;129m██[38;2;166;22;150m██[38;2;172;28;156m██[38;2;156;29;140m██[38;2;133;22;120m██[38;2;159;70;149m  [38;2;246;232;244m  [38;2;255;255;255m                        
[38;2;255;255;255m            [38;2;239;223;237m  [38;2;150;40;136m  [38;2;162;46;148m  [38;2;157;21;142m  [38;2;153;12;137m██[38;2;150;12;134m██[38;2;113;10;95m██[38;2;148;67;87m██[38;2;152;72;88m██████████[38;2;149;71;87m██[38;2;147;70;86m██[38;2;132;73;91m██[38;2;172;134;174m██[38;2;120;26;109m██[38;2;129;7;114m██[38;2;127;0;111m██[38;2;128;0;112m██[38;2;126;0;110m██[38;2;112;0;96m██[38;2;120;0;104m██[38;2;127;1;111m██[38;2;133;2;117m████[38;2;160;18;144m██[38;2;171;28;155m██[38;2;185;41;169m██[38;2;178;53;164m  [38;2;198;111;188m  [38;2;245;235;244m  [38;2;253;250;252m  [38;2;255;255;255m                  
[38;2;255;255;255m            [38;2;179;100;169m  [38;2;140;11;124m██[38;2;128;5;112m██[38;2;118;0;102m██████[38;2;103;0;87m██[38;2;148;66;87m██[38;2;152;72;88m████████[38;2;144;69;85m██[38;2;136;74;88m██[38;2;136;76;89m████[38;2;114;62;77m██[38;2;202;184;220m██[38;2;164;126;170m██[38;2;124;24;113m██[38;2;126;0;110m██[38;2;128;0;112m████[38;2;111;0;95m██[38;2;109;0;93m██[38;2;118;0;102m██[38;2;125;0;109m██[38;2;128;0;112m██[38;2;137;4;121m██[38;2;150;11;134m██[38;2;177;34;161m██[38;2;172;31;156m██[38;2;148;15;132m██[38;2;208;143;200m  [38;2;225;195;221m  [38;2;255;255;255m                
[38;2;255;255;255m            [38;2;249;246;249m  [38;2;182;137;174m            [38;2;134;70;88m  [38;2;152;72;88m████[38;2;150;71;87m██[38;2;143;74;89m██[38;2;170;94;106m██[38;2;197;113;122m██[38;2;208;120;128m████[38;2;175;100;110m██[38;2;185;139;166m██[38;2;216;200;240m██[38;2;182;143;195m██[38;2;118;17;106m██[38;2;116;0;100m██[38;2;128;0;112m████[38;2;125;0;109m██[38;2;113;0;97m██[38;2;112;0;96m██[38;2;111;0;95m██[38;2;117;0;101m██[38;2;128;0;112m██[38;2;140;6;124m██[38;2;153;15;137m██[38;2;175;31;159m██[38;2;177;33;161m██[38;2;172;49;158m  [38;2;196;122;187m  [38;2;234;213;231m  [38;2;255;255;255m            
[38;2;255;255;255m                          [38;2;118;41;93m  [38;2;152;72;88m██[38;2;129;64;80m██[38;2;182;101;112m██[38;2;191;110;119m██[38;2;208;120;128m██████████[38;2;138;86;105m██[38;2;216;200;240m████[38;2;193;161;209m██[38;2;162;107;167m██[38;2;117;0;101m██[38;2;128;0;112m██████[38;2;123;0;107m██[38;2;121;0;105m██[38;2;86;0;74m██[38;2;30;0;26m██[38;2;94;0;80m██[38;2;130;1;114m██[38;2;135;4;119m██[38;2;141;9;125m██[38;2;171;27;155m██[38;2;181;39;165m██[38;2;163;52;150m  [38;2;247;240;247m  [38;2;255;255;255m          
[38;2;255;255;255m                      [38;2;238;228;236m  [38;2;194;177;199m  [38;2;120;36;91m██[38;2;136;69;85m██[38;2;177;101;111m██[38;2;206;118;127m██[38;2;190;101;120m██[38;2;208;120;128m██████████[38;2;152;87;104m██[38;2;193;177;210m██[38;2;216;200;240m██████[38;2;166;117;174m██[38;2;124;46;117m██[38;2;123;36;114m██[38;2;110;0;96m██[38;2;98;0;86m██[38;2;92;9;82m  [38;2;134;134;134m  [38;2;255;255;255m  [38;2;240;240;240m  [38;2;59;59;59m  [38;2;99;59;92m  [38;2;106;14;94m  [38;2;104;0;90m██[38;2;124;0;108m██[38;2;145;9;129m██[38;2;125;31;111m  [38;2;232;219;230m  [38;2;255;255;255m        
[38;2;255;255;255m                    [38;2;245;230;243m  [38;2;158;78;147m  [38;2;170;132;173m██[38;2;148;79;95m██[38;2;134;72;86m██[38;2;198;111;121m██[38;2;168;97;110m██[38;2;163;99;142m██[38;2;184;94;118m██[38;2;208;120;128m████[38;2;196;110;119m██[38;2;167;93;104m██[38;2;165;132;160m██[38;2;216;200;240m████████████[38;2;201;175;220m██[38;2;128;92;134m██[38;2;31;28;34m██[38;2;130;130;130m  [38;2;255;255;255m          [38;2;149;149;149m  [38;2;130;118;128m  [38;2;143;63;131m  [38;2;113;0;97m██[38;2;111;0;95m██[38;2;157;98;147m  [38;2;255;255;255m        
[38;2;255;255;255m                    [38;2;223;197;219m  [38;2;150;74;144m██[38;2;140;80;136m██[38;2;128;66;85m██[38;2;192;136;145m██[38;2;195;162;176m██[38;2;203;185;193m██[38;2;219;203;230m██[38;2;153;84;139m██[38;2;190;101;120m██[38;2;162;84;98m██[38;2;174;130;140m██[38;2;201;179;195m██[38;2;214;198;236m██[38;2;216;200;240m██████████████[38;2;178;136;189m██[38;2;163;141;162m  [38;2;249;249;249m  [38;2;255;255;255m              [38;2;232;219;230m  [38;2;206;177;201m    [38;2;225;207;222m  [38;2;255;255;255m        
[38;2;255;255;255m                    [38;2;221;197;217m  [38;2;136;68;126m██[38;2;129;82;104m██[38;2;119;65;80m██[38;2;216;162;170m██[38;2;220;209;234m██[38;2;172;147;180m██[38;2;173;130;182m██[38;2;118;38;106m██[38;2;131;78;104m██[38;2;239;233;235m██[38;2;233;226;240m██[38;2;221;208;243m██[38;2;216;200;240m██████████████[38;2;208;193;231m██[38;2;120;109;130m  [38;2;191;189;191m  [38;2;255;255;255m                                
[38;2;255;255;255m                    [38;2;211;148;206m  [38;2;183;108;167m██[38;2;145;68;104m██[38;2;108;37;77m██[38;2;146;75;121m██[38;2;169;141;177m██[38;2;157;104;149m██[38;2;168;124;163m██[38;2;225;221;228m██[38;2;243;241;248m██[38;2;233;226;245m██[38;2;221;208;243m██[38;2;216;200;240m██████████████[38;2;180;141;193m██[38;2;125;117;136m  [38;2;171;171;171m  [38;2;255;255;255m                                  
[38;2;255;255;255m                    [38;2;211;148;206m  [38;2;210;158;212m██[38;2;204;176;202m██[38;2;190;153;183m████[38;2;207;189;206m██[38;2;243;241;244m██[38;2;235;229;246m██[38;2;228;218;243m██[38;2;224;211;243m██[38;2;216;200;240m████████████[38;2;214;198;237m██[38;2;173;142;182m██[38;2;110;77;115m██[38;2;168;138;166m  [38;2;180;180;180m  [38;2;255;255;255m                                    
[38;2;255;255;255m                    [38;2;252;247;251m  [38;2;156;144;155m  [38;2;58;58;58m  [38;2;158;81;150m  [38;2;217;210;229m████[38;2;216;210;229m██[38;2;213;206;229m██[38;2;212;203;228m██[38;2;217;203;232m██[38;2;212;196;235m██████[38;2;210;194;232m██[38;2;179;163;191m██[38;2;169;154;179m██[38;2;126;65;121m  [38;2;102;96;103m  [38;2;223;216;221m  [38;2;246;246;246m  [38;2;255;255;255m                                      
[38;2;255;255;255m                          [38;2;228;228;228m  [38;2;78;78;78m          [38;2;130;78;121m  [38;2;154;119;158m██[38;2;183;167;196m████[38;2;213;197;237m██[38;2;216;200;240m██[38;2;83;77;92m██[38;2;216;216;216m  [38;2;255;255;255m                                            
[38;2;255;255;255m                                        [38;2;128;52;118m██[38;2;229;220;244m██[38;2;219;204;241m██[38;2;216;200;240m██[38;2;191;159;207m██[38;2;90;36;86m██[38;2;224;216;222m  [38;2;255;255;255m                                            
[38;2;255;255;255m                                        [38;2;131;57;119m██[38;2;241;237;248m██[38;2;221;207;242m██[38;2;202;176;221m██[38;2;160;104;154m  [38;2;218;196;215m  [38;2;249;246;249m  [38;2;255;255;255m                                            
[38;2;255;255;255m                                        [38;2;231;223;232m  [38;2;196;177;197m██[38;2;228;219;244m██[38;2;216;200;240m██[38;2;180;141;193m██[38;2;168;138;166m  [38;2;246;246;246m  [38;2;255;255;255m                                            
[38;2;255;255;255m                                        [38;2;218;196;215m  [38;2;166;114;158m██[38;2;242;239;248m██[38;2;218;203;241m██[38;2;216;200;240m██[38;2;83;77;92m██[38;2;216;216;216m  [38;2;255;255;255m                                            
[38;2;255;255;255m                                        [38;2;244;237;243m  [38;2;200;179;200m  [38;2;231;228;233m██[38;2;218;204;241m██[38;2;216;200;240m██[38;2;83;77;92m██[38;2;216;216;216m  [38;2;255;255;255m                                            
[38;2;255;255;255m                                          [38;2;184;143;178m  [38;2;203;175;199m██[38;2;232;224;246m██[38;2;209;188;231m██[38;2;100;89;107m  [38;2;222;222;222m  [38;2;255;255;255m                                            
[38;2;255;255;255m                                          [38;2;210;183;205m  [38;2;199;176;198m  [38;2;242;239;245m██[38;2;159;129;169m██[38;2;180;157;176m  [38;2;255;255;255m                                              
[38;2;255;255;255m                                            [38;2;164;119;159m  [38;2;236;230;238m██[38;2;143;138;153m██[38;2;157;157;157m  [38;2;255;255;255m                                              
[38;2;255;255;255m                                            [38;2;238;228;236m  [38;2;139;69;128m  [38;2;162;116;156m  [38;2;240;240;240m  [38;2;255;255;255m                                              
[38;2;255;255;255m                                                                                                  
[38;2;255;255;255m                                                                                                  [0m
