
[38;2;255;255;255m                                                                                                  
[38;2;255;255;255m                                                                                                  
[38;2;255;255;255m                                                                                                  
[38;2;255;255;255m                                                                                                  
[38;2;255;255;255m                                                                                                  
[38;2;255;255;255m                                                                                                  
[38;2;255;255;255m                                                                                                  
[38;2;255;255;255m                                                                                                  
[38;2;255;255;255m                                                                                                  
[38;2;255;255;255m                                                                                                  
[38;2;255;255;255m                                                                                                  
[38;2;255;255;255m                                                                                                  
[38;2;255;255;255m                                                                                                  
[38;2;255;255;255m                                          [38;2;247;247;247m  [38;2;237;237;237m  [38;2;254;254;254m  [38;2;255;255;255m    [38;2;253;253;254m  [38;2;223;228;237m  [38;2;240;243;247m  [38;2;255;255;255m                                        
[38;2;255;255;255m                                        [38;2;214;213;217m  [38;2;205;202;214m  [38;2;126;125;127m██[38;2;236;236;236m  [38;2;204;204;204m  [38;2;232;232;232m  [38;2;180;192;214m  [38;2;65;101;166m██[38;2;123;145;194m  [38;2;188;200;243m  [38;2;175;188;209m  [38;2;212;219;230m  [38;2;255;255;255m                                  
[38;2;255;255;255m      [38;2;244;244;244m  [38;2;182;182;182m        [38;2;221;221;221m  [38;2;255;255;255m                    [38;2;199;199;199m  [38;2;205;199;213m██[38;2;230;222;243m██[38;2;109;107;112m██[38;2;158;158;159m  [38;2;195;190;200m██[38;2;152;150;153m  [38;2;108;119;138m  [38;2;139;154;187m██[38;2;173;180;223m██[38;2;118;152;239m██[38;2;83;122;202m██[38;2;96;113;162m  [38;2;216;216;216m  [38;2;255;255;255m                                
[38;2;255;255;255m      [38;2;166;165;166m  [38;2;198;192;211m██[38;2;184;177;209m██[38;2;218;212;228m██[38;2;223;217;231m██[38;2;185;183;194m  [38;2;100;123;163m  [38;2;87;114;163m  [38;2;114;126;151m  [38;2;210;210;210m  [38;2;243;243;243m    [38;2;250;250;250m  [38;2;255;255;255m    [38;2;203;203;204m  [38;2;209;204;215m  [38;2;240;232;248m██[38;2;191;186;196m██[38;2;187;182;192m██[38;2;221;214;228m██[38;2;240;232;248m██[38;2;124;121;127m██[38;2;163;157;186m██[38;2;175;170;195m██[38;2;177;172;193m██[38;2;180;179;221m██[38;2;76;110;206m██[38;2;54;73;114m██[38;2;182;183;185m  [38;2;254;254;254m  [38;2;255;255;255m                              
[38;2;255;255;255m    [38;2;212;212;212m  [38;2;91;91;91m  [38;2;132;129;134m██[38;2;212;206;218m██[38;2;237;230;248m██[38;2;196;205;248m██[38;2;145;175;248m██[38;2;104;149;242m██[38;2;172;194;248m██[38;2;240;232;248m██[38;2;174;170;178m██[38;2;144;142;147m████[38;2;184;183;184m  [38;2;208;208;208m  [38;2;211;211;211m  [38;2;181;178;193m  [38;2;219;211;230m██[38;2;240;232;248m████████[38;2;237;229;248m██[38;2;148;143;160m██[38;2;177;170;206m██[38;2;192;184;224m██[38;2;156;153;171m██[38;2;147;145;154m██[38;2;97;117;177m██[38;2;99;124;224m██[38;2;49;59;93m██[38;2;238;238;238m  [38;2;255;255;255m                              
[38;2;255;255;255m  [38;2;204;204;204m  [38;2;133;130;144m  [38;2;171;166;188m██[38;2;214;206;235m████[38;2;159;171;235m██[38;2;95;134;235m████[38;2;140;157;236m██[38;2;230;222;248m██[38;2;240;232;248m████████[38;2;201;195;207m██[38;2;176;172;181m██[38;2;141;138;144m██[38;2;71;71;71m██[38;2;203;197;209m██[38;2;240;232;248m██████[38;2;141;136;145m██[38;2;231;223;248m██[38;2;201;193;233m██[38;2;192;184;224m████[38;2;144;140;158m██[38;2;148;145;159m██[38;2;145;141;160m██[38;2;65;70;103m██[38;2;106;111;127m  [38;2;246;246;246m  [38;2;255;255;255m                              
[38;2;255;255;255m  [38;2;233;233;233m  [38;2;122;121;127m  [38;2;84;82;91m██████[38;2;62;68;91m██[38;2;58;65;91m████[38;2;112;112;125m██[38;2;199;191;230m██[38;2;203;195;230m████[38;2;206;198;232m██[38;2;222;214;248m██[38;2;233;225;248m██[38;2;240;232;248m██[38;2;166;161;172m██[38;2;92;89;105m██[38;2;224;217;236m██[38;2;240;232;248m████[38;2;139;136;143m██[38;2;122;120;126m██[38;2;212;204;241m██[38;2;194;186;226m██[38;2;192;184;224m██[38;2;179;173;203m██[38;2;124;123;127m██[38;2;48;48;48m██[38;2;220;220;220m  [38;2;196;196;196m  [38;2;237;237;237m  [38;2;255;255;255m                                
[38;2;255;255;255m                    [38;2;98;98;98m        [38;2;113;113;113m  [38;2;153;153;153m  [38;2;163;163;163m  [38;2;135;131;126m  [38;2;116;80;26m██[38;2;160;104;21m██[38;2;205;190;206m██[38;2;229;221;242m██[38;2;70;68;75m██[38;2;191;184;221m██[38;2;192;184;224m██[38;2;184;177;212m██[38;2;190;182;221m██[38;2;192;184;224m██████[38;2;149;147;156m████[38;2;203;203;206m  [38;2;228;228;228m  [38;2;238;238;238m  [38;2;255;255;255m                            
[38;2;255;255;255m                                [38;2;251;249;247m  [38;2;196;166;118m  [38;2;211;143;38m██[38;2;244;163;42m██[38;2;171;114;36m██[38;2;178;160;172m██[38;2;120;115;140m██[38;2;184;176;215m██[38;2;192;184;224m██[38;2;119;116;131m██[38;2;101;97;115m██[38;2;147;142;169m██[38;2;192;184;224m██████[38;2;197;189;229m██[38;2;182;177;202m██[38;2;183;179;188m██[38;2;200;196;208m  [38;2;210;209;216m  [38;2;204;204;204m  [38;2;255;255;255m                        
[38;2;255;255;255m                              [38;2;204;184;153m  [38;2;218;163;80m  [38;2;224;169;73m██[38;2;248;173;56m██[38;2;231;147;22m██[38;2;198;119;4m██[38;2;162;132;112m██[38;2;192;184;224m██[38;2;182;175;211m██[38;2;103;100;112m██[38;2;115;76;27m██[38;2;146;88;2m██[38;2;94;70;40m██[38;2;78;76;88m██[38;2;169;163;196m██[38;2;196;188;228m██[38;2;212;204;244m██[38;2;228;220;248m██[38;2;239;231;248m██[38;2;234;226;245m██[38;2;215;208;224m██[38;2;205;200;210m  [38;2;173;173;173m    [38;2;126;143;173m  [38;2;255;255;255m                  
[38;2;255;255;255m                          [38;2;250;250;250m  [38;2;168;168;168m  [38;2;82;79;79m  [38;2;207;148;61m██[38;2;246;168;49m██[38;2;223;142;22m██[38;2;166;104;11m██[38;2;160;99;10m██[38;2;156;118;63m  [38;2;78;78;81m  [38;2;83;83;85m  [38;2;240;240;240m  [38;2;189;162;122m  [38;2;167;126;66m  [38;2;243;240;236m  [38;2;237;237;237m  [38;2;97;96;99m  [38;2;110;108;118m  [38;2;182;176;210m██[38;2;224;216;240m██[38;2;237;229;248m██[38;2;240;232;248m████[38;2;239;231;247m██[38;2;222;216;238m██[38;2;141;156;226m██[38;2;79;111;217m██[38;2;69;98;159m    [38;2;185;194;213m  [38;2;237;237;237m  [38;2;244;244;244m  [38;2;255;255;255m        
[38;2;255;255;255m                          [38;2;227;227;227m  [38;2;108;106;112m██[38;2;178;174;195m██[38;2;136;132;130m██[38;2;176;120;36m██[38;2;175;108;8m██[38;2;181;110;7m██[38;2;125;83;23m  [38;2;171;171;171m  [38;2;255;255;255m                [38;2;219;219;219m  [38;2;137;137;137m  [38;2;138;134;151m  [38;2;186;180;205m██[38;2;225;217;242m██[38;2;236;228;248m██[38;2;228;222;248m██[38;2;150;171;243m██[38;2;92;130;233m██[38;2;83;116;226m██[38;2;92;121;226m██[38;2;137;153;233m██[38;2;165;168;196m██[38;2;176;173;179m██[38;2;189;187;191m  [38;2;209;209;209m  [38;2;248;248;248m  [38;2;255;255;255m    
[38;2;255;255;255m                          [38;2;138;138;138m  [38;2;140;139;145m██[38;2;135;134;140m██[38;2;78;78;78m██[38;2;83;77;69m██[38;2;83;57;17m██[38;2;180;158;125m  [38;2;180;180;180m  [38;2;255;255;255m                      [38;2;187;187;187m  [38;2;184;184;186m  [38;2;89;86;102m██[38;2;152;149;159m██[38;2;153;176;237m██[38;2;112;160;248m████[38;2;152;169;241m██[38;2;191;194;241m██[38;2;235;227;248m██[38;2;240;232;248m████[38;2;225;218;231m██[38;2;182;177;196m██[38;2;180;179;183m  [38;2;204;204;204m  [38;2;255;255;255m  
[38;2;255;255;255m                          [38;2;87;87;87m  [38;2;105;105;105m██[38;2;75;75;75m██[38;2;17;17;17m  [38;2;93;93;93m  [38;2;219;219;219m  [38;2;246;246;246m  [38;2;255;255;255m                          [38;2;249;249;249m  [38;2;219;219;219m  [38;2;111;111;111m  [38;2;73;82;98m  [38;2;105;149;230m██[38;2;166;187;240m██[38;2;229;223;246m██[38;2;240;232;248m██████[38;2;236;228;247m██[38;2;206;199;232m██[38;2;187;179;215m██[38;2;174;168;199m██[38;2;165;161;182m  [38;2;206;206;206m  
[38;2;255;255;255m                          [38;2;233;233;233m  [38;2;97;97;97m  [38;2;75;75;75m  [38;2;92;92;92m  [38;2;255;255;255m                                      [38;2;241;241;241m  [38;2;89;89;89m  [38;2;124;121;136m  [38;2;145;139;167m██[38;2;225;217;241m██[38;2;229;221;244m██[38;2;238;230;248m██[38;2;228;221;236m██[38;2;141;140;147m██[38;2;112;112;112m  [38;2;114;114;114m    [38;2;190;190;190m  
[38;2;255;255;255m                            [38;2;210;210;210m    [38;2;255;255;255m                                            [38;2;192;192;192m  [38;2;155;155;155m  [38;2;95;91;110m██[38;2;156;151;179m██[38;2;211;203;235m██[38;2;214;206;237m██[38;2;187;180;213m██[38;2;143;141;150m  [38;2;238;238;238m  [38;2;255;255;255m    
[38;2;255;255;255m                                                                                [38;2;199;199;199m  [38;2;132;132;136m  [38;2;44;42;52m██[38;2;98;95;109m██[38;2;198;190;230m██[38;2;174;167;202m██[38;2;120;119;123m  [38;2;255;255;255m    
[38;2;255;255;255m                                                                                      [38;2;225;225;225m  [38;2;59;59;59m  [38;2;83;83;83m  [38;2;110;110;110m  [38;2;255;255;255m    
[38;2;255;255;255m                                                                                                  
[38;2;255;255;255m                                                                                                  
[38;2;255;255;255m                                                                                                  
[38;2;255;255;255m                                                                                                  
[38;2;255;255;255m                                                                                                  
[38;2;255;255;255m                                                                                                  
[38;2;255;255;255m                                                                                                  
[38;2;255;255;255m                                                                                                  
[38;2;255;255;255m                                                                                                  
[38;2;255;255;255m                                                                                                  
[38;2;255;255;255m                                                                                                  
[38;2;255;255;255m                                                                                                  
[38;2;255;255;255m                                                                                                  
[38;2;255;255;255m                                                                                                  
[38;2;255;255;255m                                                                                                  
[38;2;255;255;255m                                                                                                  
[38;2;255;255;255m                                                                                                  
[38;2;255;255;255m                                                                                                  [0m
